1000 2000 2000
76 122 992594364
151 307 -307133881
940 17 111760854
93 303 -21841572
686 798 -113670400
186 587 -266691861
613 335 -490147391
165 629 -797187307
71 160 -733131273
96 269 -307918459
306 450 -873479448
610 274 -181423306
895 972 -457969474
827 552 -34799341
673 369 -95116159
716 665 266952271
192 719 939632415
878 903 444055918
588 888 -853877541
739 6 984803882
347 805 538034052
837 182 -640278937
908 253 449990690
923 546 -292084839
931 577 448555094
57 784 -111232570
895 343 117552658
747 822 82040082
992 836 436251810
579 749 -605970010
653 851 229332508
786 56 -164295417
30 760 -568585145
169 908 -776496325
204 491 52655136
336 18 825358665
320 288 233348409
630 106 -561885917
942 417 118550788
390 818 -926210842
256 486 -786401177
102 682 -117663491
51 305 783299071
319 983 128842471
526 429 -980497577
801 62 -809002828
360 987 557737704
942 802 -255764341
107 842 381099846
886 617 -257758911
947 90 469255089
428 115 881120338
180 660 -65539726
866 993 -626516652
801 361 -614261734
148 726 -435228621
91 543 -507541713
201 331 -47540
807 487 -615243915
114 239 -901126866
35 82 275005649
203 176 111025483
856 589 -639014726
986 549 951961076
298 221 -929089599
691 83 137981103
389 578 431334951
534 540 -701783470
388 93 88055751
11 336 -148027727
919 790 265645685
16 466 -399795633
13 442 -898680798
360 820 524523678
127 960 -10039927
650 13 534167795
912 971 623665150
922 462 -365292739
589 942 36144490
524 614 -242993822
234 369 -268344268
273 933 426988869
915 430 923849557
700 536 703598002
880 724 -141646776
770 630 -217653655
419 224 142147987
793 705 -705883377
851 641 -16856972
57 233 -604134856
544 543 -58247868
458 81 -963806663
207 45 -551784252
98 526 -440169709
415 726 -331483508
910 86 -964891651
551 972 -779425052
653 493 -984323280
299 544 108260135
316 669 335764065
860 258 651585810
223 923 977027597
868 885 -341169906
849 450 877661471
606 909 -55520809
460 198 -274102840
110 448 839523187
463 279 -377678774
940 636 662121258
389 602 75620455
823 111 624280086
320 423 296235341
472 370 433035380
479 924 192215400
625 382 -326439661
523 821 102222940
635 479 -83243739
608 559 826118423
995 850 102189014
555 825 827725745
151 48 593212067
300 17 -35063274
929 659 -730275299
109 213 -289040267
162 262 -992390803
889 34 -983713206
997 446 -349488169
16 846 175111817
985 18 -676549764
774 991 127974513
693 69 -209552513
907 694 -50167278
485 65 -302744212
998 344 918404447
668 574 -68957338
357 926 781116560
749 39 -8571712
474 470 408745975
386 139 238084052
784 850 158943320
832 962 -665295814
869 277 -948834130
888 810 1798926
681 522 959766093
839 922 923739773
164 525 796552029
782 651 -109123426
652 396 -218519874
907 444 670008627
490 4 -352546533
597 664 -920241911
83 138 -705117165
840 884 751600100
897 58 114325129
196 149 351331273
440 916 644238723
280 516 -850364148
669 898 277598277
56 398 742169917
657 4 814558649
758 91 -427992312
734 722 -274565477
81 265 -646147476
627 739 -333346474
330 951 -787202371
262 585 -923067110
901 904 835412627
579 877 924828224
282 525 463430489
81 376 -486839825
293 819 -661457907
166 752 371203613
490 952 566186558
693 264 -166573320
767 768 891187483
771 254 110874800
502 709 -879969285
813 919 539388475
353 233 854121791
828 27 -172185904
112 875 -809236711
264 582 802939423
578 61 475065054
936 964 331138748
248 85 725419597
593 65 -548668578
64 618 938048796
947 578 172841438
635 617 -256687873
550 616 -802276175
524 945 662486796
705 136 -560228649
307 553 -145077663
91 224 -999694926
854 837 144235221
633 253 730222991
534 452 -825856037
321 251 -178554288
821 860 -514409006
142 206 -111460944
426 545 -908165947
591 486 199241990
699 892 459620096
854 632 971306713
770 35 128838391
450 269 -329257829
568 953 -457841287
712 947 988855956
442 122 -200429659
929 790 516539795
31 922 170864928
547 711 909651345
725 135 -506253482
315 873 591769698
810 187 302561035
863 774 -821571819
175 263 674765730
148 634 729071422
13 107 -29476603
325 947 -115723367
65 706 862024777
481 650 -52615468
581 130 -471603495
232 852 -854819116
314 246 -887883701
250 376 -836985647
894 512 737537343
563 116 -741086686
226 249 876696023
559 127 -445059521
264 10 851152277
554 883 582102541
159 144 -700951693
794 886 474447106
447 64 -831160339
202 54 987163981
826 179 175633347
362 174 -741685893
1 414 -183976406
879 94 -660811338
412 608 -372517463
46 460 621588674
465 227 539275660
89 638 678332301
374 687 476633491
662 862 -507142662
624 587 -973041839
762 922 -982756014
505 315 694818380
755 498 373315389
978 917 15819554
93 652 306125012
54 376 183886012
602 613 892211055
651 830 -898330288
283 182 986259329
874 434 267247954
382 898 572012369
744 324 7102827
289 338 725136078
11 179 -876635873
784 126 -91828140
424 783 -901533262
564 646 -958609238
300 655 895756404
380 408 -605776193
306 112 -168111783
931 995 502702950
913 645 -458927739
902 280 812662309
487 984 -70742025
584 520 645937707
218 859 269715794
333 294 -240191424
699 335 -906553145
959 705 845278202
572 140 -476391086
917 420 -960739378
261 68 84378046
601 370 300494195
152 479 965708598
925 690 382959395
323 178 491496572
150 939 -888619349
460 545 -412356184
598 615 -613302804
20 611 -348503192
512 271 170345124
942 856 -770865173
98 597 914258925
636 931 -673544067
599 447 -173543920
682 53 -423369355
898 53 -490674225
210 662 491891467
502 298 3590399
932 879 -881750752
254 273 -434129987
864 377 -225849283
268 331 610866725
834 221 -207419478
675 477 169123024
704 545 925928928
943 17 -508495392
369 342 -1364183
260 706 -833439229
580 288 -459201373
988 462 440640264
70 573 941802792
868 154 -711117895
511 582 934445014
473 330 316984896
853 804 -698359563
586 435 199205592
728 28 824620813
969 845 150159340
240 927 -657376210
651 378 856559172
923 241 -411721522
316 483 -484720173
597 374 -343190220
725 917 -652101516
922 554 764588137
142 887 -680397624
197 780 330728833
686 898 -466824232
656 761 -438979804
656 912 -452499162
654 523 -683931282
553 842 -279236126
962 184 -342851206
86 160 -432522039
468 561 -165020033
215 515 -889999782
300 351 -733083601
543 70 633534526
125 828 236213785
829 277 -378665462
842 336 -918409686
945 220 -360670909
637 988 953217137
611 293 -805955303
112 513 260617946
490 352 -970965825
855 313 -920278783
452 377 -724270523
334 829 291044054
963 19 284873999
653 437 -665144331
13 160 395950748
169 82 -439836247
764 15 -265076140
623 473 621724980
931 743 806806775
802 632 -914945541
301 770 -576283149
316 588 -849771848
127 420 -348258614
271 835 -68805710
973 616 598745313
279 483 -647616903
478 563 806744950
971 147 -171741184
52 794 502510999
284 234 -711962396
628 377 -631952870
421 751 -781922977
913 335 142964661
153 946 206144082
115 919 -372841226
465 788 -994788108
87 228 -315681882
382 296 -56555752
149 372 -383719681
860 966 500455013
837 677 919704812
421 166 -66664486
698 151 365136872
947 12 -194572023
257 260 -294777400
570 254 485463610
926 581 618596471
474 503 50015458
54 950 386684408
585 689 121346339
524 293 983770556
395 81 236491124
414 793 -808867367
861 130 92808461
719 154 -119367512
37 276 464758784
945 836 1377127
907 632 576906818
447 725 -804527799
282 130 -456136730
430 925 -595816243
853 409 -447855135
979 946 367966624
490 871 -729875102
124 810 -324132125
975 44 26126398
503 315 -600895286
1 142 -813806911
297 728 -443316797
355 488 -39120175
375 41 -728863318
342 610 798883624
623 962 -52317499
726 603 -415708948
826 147 -59199978
469 339 -6297419
832 429 -637213720
287 768 -968373574
53 378 -798306981
140 995 330605740
694 502 806143958
545 780 671190396
303 506 -746685382
863 878 617426930
788 376 84414032
594 361 524323843
866 885 171318709
95 948 -293815084
550 48 -935965659
767 39 504747843
434 110 -664097433
224 485 180636286
556 604 688760548
85 656 -13820446
966 502 -700652560
94 419 578175527
4 303 759616194
582 798 -101294824
150 537 -498558257
622 870 -736980308
726 943 -470676519
61 966 -722885218
483 253 208583698
856 315 -744987819
501 213 -788988320
448 67 77233266
518 201 810937783
818 315 790183723
651 704 831501007
712 146 987026258
119 495 359681701
831 115 -793172492
323 334 622217738
892 147 88365435
21 776 -90052868
689 839 -528017642
778 335 107875010
152 759 -789077978
831 128 834013341
188 153 -307099313
557 865 74325375
229 518 -658151281
38 319 701278522
101 515 963646923
589 909 -288428378
291 511 -788910382
904 259 201558757
915 87 -196366100
839 737 444626821
817 583 -551588467
704 62 896381872
595 519 -777164534
310 893 -572542652
522 724 -771249202
289 283 -366361695
607 420 262493743
614 869 -68166030
15 884 167109522
694 281 513982654
167 721 873953820
888 928 -249402907
795 664 -754885138
554 551 399952475
291 596 -494153578
579 371 118995049
102 859 966493603
536 395 -713753229
126 14 -994343272
844 337 -993198642
573 141 293885527
532 543 480668160
675 321 920707750
922 344 -440305768
811 265 -262496469
791 914 253105163
129 193 610484893
931 646 345795911
987 835 514963565
354 167 -629864463
343 409 321428529
360 495 -179231266
169 763 -684429598
106 52 -488436015
35 479 -695503107
869 824 -590814257
249 947 575727524
523 655 -663502396
685 109 -843327167
838 740 -650777618
590 510 44702518
616 450 670555528
674 628 930182262
336 388 470644193
736 452 653813604
813 438 -996206194
334 168 -176771817
989 232 577357670
884 786 74312591
975 544 939690974
314 465 444199444
484 225 -246915477
218 91 269448178
487 387 -783986669
348 370 -551809005
145 405 791438663
673 131 -646738356
637 975 -138070832
128 372 -904682083
13 671 -645370771
385 647 699063452
859 558 -785296184
505 373 72753642
714 956 823291581
861 744 -565511483
119 724 -646023145
509 856 65347392
571 891 -136794445
166 821 97584992
459 151 903669040
421 289 -508218362
143 165 315785438
279 920 313462322
458 139 -948797562
905 401 49704727
798 799 227631252
587 115 -966312908
930 832 607800004
582 333 436039418
368 178 -871467701
836 261 52314565
864 458 928363965
712 812 772824725
64 726 -876962405
251 805 708390505
604 426 -275175949
865 234 -301536780
333 853 130987563
821 686 965126800
119 518 -998609028
596 274 695203556
923 68 411874091
138 192 -892299912
594 291 639069150
587 140 566066509
69 7 -802166994
492 544 157293898
871 912 -578657465
230 592 317805750
194 331 386583962
469 944 -820859537
354 176 719852481
871 611 -426221946
773 187 991733260
769 42 -520293306
645 320 372484342
791 933 -779688834
16 558 966134848
400 780 666042316
403 460 429717956
132 678 545404156
800 765 759195480
966 937 -640831444
245 921 619584178
368 296 213562165
371 945 -620738457
595 917 862630945
440 779 293255156
489 288 231083783
182 780 -416880647
852 678 197432032
302 675 719275245
544 230 -406610977
903 840 698643380
437 367 -23052982
846 882 225760389
481 960 -39240537
769 224 -541859924
334 934 953316730
939 949 346882393
674 916 -847453330
184 387 -957988114
915 584 -27293439
563 329 66088116
873 744 431471813
162 993 -480015789
828 390 291179834
936 974 -34560294
855 2 275901977
444 263 479073433
658 640 -538570912
441 290 -96494536
348 821 -553023009
324 198 -855232599
354 921 369557542
386 983 -598496801
237 203 394461203
552 928 403412817
881 616 692672289
719 619 428798680
59 840 -952498
298 532 -61117443
701 786 -795663855
39 588 -298241077
661 559 950389862
539 291 150987277
881 437 683818543
370 985 -447753259
343 588 -822150209
241 368 -784436331
23 630 154454388
664 914 -362032869
259 316 -419904070
23 930 -857877713
116 950 943495663
338 191 -181085860
438 67 813756379
232 17 552254748
345 492 863535224
114 60 659110508
914 715 647964434
268 362 -21024524
691 186 -556856571
701 989 -90145068
580 643 -832357254
731 316 -875679554
687 629 -974612246
312 782 -462998642
823 183 18854446
51 781 -47903685
164 101 -763780207
309 814 -904614259
325 59 -772481174
345 566 -660430211
520 374 -190057568
605 980 91331736
136 277 -548873047
197 892 -694471675
10 316 222834851
366 924 -252793449
406 22 67094153
337 602 -179478508
323 254 14583956
451 634 505192334
360 374 -138466419
133 970 983356138
46 863 -471998667
741 187 867667705
244 843 35968226
815 1 120083798
326 164 -129945035
681 819 575702341
320 366 -702005893
309 720 -929401335
296 161 629567239
986 893 -228291481
601 485 -298915643
754 580 962594265
27 43 315402248
725 698 -814864852
267 555 -911287514
469 743 589077147
310 442 720031490
82 799 -821341448
487 591 -324550133
451 842 -14070848
590 396 958822539
385 871 -406396169
66 67 917031272
68 379 -945871012
452 333 -651901314
471 212 358609285
322 820 951070108
438 836 -53528495
400 472 -199242246
258 502 639326667
918 540 441484569
134 761 307257447
263 309 -363689205
679 779 549527748
484 193 -978482162
545 175 122365739
179 138 -153403861
400 595 -250071419
91 246 -38000786
365 495 933523464
793 632 -977580682
600 111 -589056878
908 107 -460792641
322 302 249117838
668 269 712588403
295 56 77756123
503 23 711448317
742 200 -195931588
738 964 577368485
924 870 467040617
861 887 821145318
106 992 -293726345
121 619 735401774
892 297 -909017296
99 203 -43186961
364 18 915862338
969 728 -143396147
169 299 -337686586
312 781 -653900028
23 227 577034931
594 780 694846919
915 210 801988539
588 9 44986082
493 197 -409805401
173 439 559981561
949 492 907285084
432 186 690293013
90 435 874738723
961 170 -641606454
942 398 -365114860
110 920 651789633
50 876 -113655432
944 752 900146331
588 276 347204867
908 423 -366672174
936 739 382378918
753 991 -216644949
420 967 -55346403
444 864 -513882307
286 654 -45311987
977 412 -593848478
790 597 -367567339
393 327 695098012
16 879 273356998
226 636 -305996928
169 319 -296327265
573 955 -266336623
874 5 361462501
589 266 915126724
361 199 -910260070
773 300 429706110
892 146 817565709
406 399 -910693647
780 528 -306249319
396 801 216663974
998 728 217927175
489 437 688723571
610 828 -545639569
435 450 280982412
133 765 -507326507
737 483 -89479130
897 545 963507990
528 855 551636329
394 113 -998353135
80 739 -951174886
332 729 45591715
157 332 -632936645
444 983 -64427769
202 648 762569233
160 445 -980676234
621 676 354211000
183 920 848684933
218 655 -148615855
360 69 -878805393
374 710 -654712911
369 530 -574388471
538 361 -802099928
632 227 -636506381
517 857 195987770
530 406 54309321
223 656 -31026777
918 855 -959895506
697 478 208121047
92 112 420144808
258 989 245403792
605 592 -632576299
437 418 963064172
544 768 -277661416
214 866 927384316
766 129 -239753025
509 433 600573514
134 724 754786443
836 227 -262083335
899 266 756781676
780 239 -500211584
389 393 -697765399
334 338 273480377
556 791 596907278
840 412 62555737
617 860 -724999594
556 615 107696655
276 257 875597509
776 478 177998200
620 682 -262580362
294 890 -640726991
753 346 136168688
554 720 86211672
620 736 -627827684
446 382 -81298401
157 936 -994868980
907 126 -946604296
225 620 -229929795
583 436 458563484
118 395 -268814351
354 795 712982187
510 851 707784227
367 207 -268305417
835 836 878626213
510 410 107170638
577 267 -364860271
572 162 946427692
347 341 995678226
5 390 -759815898
23 62 -935676418
458 301 -521678595
946 146 -657969964
15 432 -266518721
558 552 -861897567
517 755 -573659814
404 192 -221566282
164 48 -825420787
427 27 542431284
974 685 290344792
559 937 257726514
130 74 -885463050
538 412 926977143
308 123 -428876134
713 77 264413813
446 736 633797840
770 709 -860911881
413 59 -764356973
384 41 -23367627
852 765 -555680534
759 357 319675417
199 245 -378396003
750 923 787026862
314 370 -91725003
693 375 -623341099
70 713 315888941
213 397 -208809210
324 864 822125849
427 651 99272480
960 843 -929920075
412 682 -277123067
974 213 -958753923
475 933 454568028
430 821 -971934088
326 379 332122463
20 395 705725596
486 739 -814848611
765 79 120149727
506 505 -916323706
404 750 -913179355
466 858 688358968
427 725 -930398887
102 630 541218416
329 104 109246904
348 57 -969004202
704 9 -817258648
627 225 -819116580
296 727 67995932
55 663 634973199
238 236 -516242146
476 959 -90819008
634 579 -207222870
453 983 -240195730
739 550 467480092
424 670 -792127828
712 478 805765648
251 961 -403671146
582 997 -655481248
877 798 -992604452
953 146 75539149
766 454 -679511194
955 676 242755613
630 390 500145910
233 79 953890873
325 83 -62425454
197 95 -401089132
127 961 -337326404
61 569 -317727891
792 464 947716424
471 755 40678184
716 912 -523416971
110 875 630454208
28 622 -625409172
302 679 -268738270
649 304 -336273697
32 854 60075353
406 776 369773461
770 781 309826440
671 813 664267406
705 487 -83766342
291 770 -147595549
489 151 211636988
522 203 -647735180
721 478 -645810435
308 618 989797430
214 103 218027587
928 521 -190693194
376 53 -249406172
63 230 35259309
466 20 751837048
601 838 -308008180
573 81 -882431226
336 809 147910180
224 345 390348310
235 601 -225816021
125 532 654709513
998 434 -836908004
372 895 -622573283
773 452 -390611259
451 655 48351345
710 396 -261728301
878 338 -868169550
881 820 787693299
573 536 975841186
574 369 953376086
830 617 995925247
52 597 861523937
610 105 -986661092
923 79 81410038
330 919 194009799
969 462 675505166
340 847 -661442182
882 144 549634881
182 146 969226397
379 160 -438298528
666 43 557368194
879 169 885067213
512 284 -783101038
70 439 -170477908
174 79 424651262
207 12 -40291120
658 870 767791578
914 930 127821175
689 220 752592877
502 97 -657492130
179 83 33697484
304 206 -373153344
435 696 569746261
152 222 -980988215
328 906 -274264080
73 915 -293647487
291 193 736006676
925 215 403247342
258 516 968565978
530 202 -451028078
720 493 -947073975
581 569 -805156371
327 607 -308202818
95 795 950078318
536 9 -488428644
259 260 539992359
842 172 540880672
380 971 318009259
489 410 278232457
240 654 -750358205
183 292 469711805
875 780 303755936
949 940 567294271
798 735 949649086
52 306 784097943
323 887 -345544362
159 98 -445713397
736 162 721648991
938 190 -80984606
89 285 -804399244
214 709 322665630
114 612 484842460
286 487 -585307698
507 846 228294099
451 525 213619961
303 778 -61140973
443 544 -690335645
771 779 267082370
434 260 925792613
695 820 -84289874
453 7 -312747445
627 246 -10483456
327 270 -297911871
940 408 -151735643
392 398 618707102
849 926 -273549026
714 32 -259018414
488 631 702144895
934 928 -382394111
822 464 -149401644
490 368 -343963984
622 909 908179270
441 432 441083814
613 270 110868149
766 897 -322071567
598 55 207373074
674 230 -989450398
564 369 -855739800
813 126 963047565
116 310 759704253
658 710 47475412
458 417 -432627084
903 398 434229812
790 843 -922959895
761 740 247582094
426 535 -661368503
164 413 986995082
261 292 -686629524
56 500 140301173
133 555 578329410
203 523 455598585
102 721 742398418
205 912 -367566068
88 156 -9113289
265 735 651279541
173 265 893205328
578 28 -708069348
386 469 -532435534
360 591 -18661150
168 628 -237555527
33 919 -545659237
490 84 -826112887
335 56 279752244
301 335 -447950573
594 134 -684926626
428 17 1496645
203 955 777302741
584 756 829485794
150 585 648125513
432 669 -65597826
14 590 -858122654
277 697 615741725
271 122 610229001
390 643 -946487899
568 314 366592986
557 884 -744042606
853 459 -179958512
224 979 -309485984
966 82 908557517
232 777 486629624
776 618 747963593
497 244 490713970
91 929 -639263671
265 110 293221311
739 773 210247728
458 213 792638740
889 267 -69026532
77 226 -362448754
564 846 -772743956
893 362 -613722878
339 47 -378078502
691 785 886728775
271 75 196945300
360 401 -246856292
245 998 -488623793
499 67 -208897222
224 21 -568676997
55 100 -428948589
639 395 691554310
212 910 -436818850
379 582 -586762400
271 225 972500963
244 73 -989513254
378 673 112313371
217 397 -645724373
413 84 985657243
620 568 -955277512
852 334 618894862
350 810 981567115
213 381 201614275
715 916 342693381
263 759 753313647
639 71 621738347
526 286 -29624365
212 278 -669687029
172 428 -432854168
303 664 814430699
738 744 360834431
5 674 -597191264
490 678 -807593995
479 582 107423721
282 186 -949699845
743 821 -234452016
985 565 -936116378
281 421 973299802
576 752 -302858552
888 561 964679591
440 330 593940219
771 849 885089725
753 931 472456800
458 353 -796408109
131 523 -542729364
948 188 -442840203
915 11 642919579
214 924 48053508
757 963 -306365104
36 110 -584240239
394 960 456436867
887 982 -923406324
245 408 -17691250
873 538 -930312234
645 625 -354324845
567 656 -584402097
561 433 -551911361
290 81 -963623286
747 977 840827680
327 763 375222023
489 770 -996690292
351 772 -193905730
729 811 -10579395
622 861 294231522
838 697 419711354
456 108 -225606819
255 410 558452962
768 207 -34078207
209 280 27924497
970 225 19062437
564 290 700230623
293 830 759081517
273 885 609408990
663 628 -405176706
107 796 372500459
41 218 -558171274
179 6 -197526410
287 380 -59215617
732 680 179975056
967 29 -409634635
943 421 209172033
295 907 18061161
499 618 -162618405
524 401 676288859
583 824 394318479
391 272 554695118
760 29 389467387
885 195 507904027
258 95 -905651406
973 455 541340938
423 220 -425883969
648 660 -130565897
620 606 530562007
983 227 621069637
856 655 -708640715
604 312 963870068
965 274 373781015
968 944 -901220237
381 894 975840760
633 354 983507631
6 504 302604900
361 74 -95548204
949 61 -743001730
496 694 780752186
436 46 839902821
740 231 389920648
193 166 -93946880
467 707 43155521
495 841 -624138595
660 785 -166796069
367 503 55667830
834 942 470450944
869 67 -719974813
689 97 252918382
966 353 484624892
189 359 -600783352
27 243 -130442232
722 267 -476524895
129 616 -287831938
156 593 -855144533
146 57 239781651
868 832 54803755
796 204 221856991
500 666 140393734
515 703 -492502526
165 828 -912026834
985 706 75923240
841 800 -460842740
496 667 -648252422
261 199 768389654
472 956 -307897427
556 23 714201411
163 83 194523950
395 486 240537849
396 933 332406175
803 726 -829298009
2 923 -691223432
432 358 -280165751
95 86 242138892
362 928 -108302354
71 368 462387682
710 860 -83511833
691 576 -115926533
947 896 333910468
687 916 580013543
46 470 -529578175
130 769 -574430293
58 738 850956073
95 918 226082931
586 958 56328412
529 767 -604270043
711 407 -654650172
974 770 -152774447
607 70 927832822
460 932 883665097
843 5 -51064730
48 778 -689327809
171 683 -482448848
750 906 -379912406
647 271 967851887
422 680 68892139
641 759 708703236
322 568 68799175
653 439 -490663183
96 305 390846843
982 884 -136049917
316 531 540691767
587 588 -780088794
302 641 -948316534
11 310 965052107
195 3 93430842
120 302 -403082138
852 686 -420454588
100 524 -34649252
422 275 -100636500
197 723 -46399132
16 156 168513056
426 532 652652561
477 140 152067087
842 252 -725807017
816 736 330634758
357 874 75601995
124 194 494379519
508 272 -128651885
189 625 -474898844
927 429 -687470475
468 529 -114682513
259 980 26763700
952 127 855083532
946 719 -646427165
29 37 724046504
374 601 209013128
648 645 -740240875
901 285 -18046821
933 977 429047476
967 960 62513896
339 26 -637843152
829 392 863703471
746 579 -665558810
544 257 -42374890
276 922 11085321
316 696 310350737
198 619 -334707753
630 382 647916429
810 928 -708417543
417 902 -695508473
327 143 -963857429
920 666 363991623
512 180 982046439
440 504 -34409542
130 497 677629098
789 703 -507402013
711 294 -331939413
477 249 491884508
530 1 -635879519
999 244 277333373
845 711 554872517
541 12 -832642080
201 426 -632165187
836 644 406336767
583 173 291518470
817 149 144521453
917 256 138082436
219 263 459207420
210 409 -488190851
739 498 -154783527
345 382 64931723
101 661 -971444917
955 6 984070029
391 487 -797191519
931 392 650741713
928 997 738403117
716 669 -607544404
566 431 709880419
153 250 -346643884
461 873 -307797087
313 196 -868027772
483 283 324177858
914 222 98570992
324 259 889966707
469 759 158816694
515 186 -390855884
970 205 73054918
218 802 293765321
704 560 -703976375
918 737 -601452761
183 178 -21158649
647 803 58475538
605 273 254645905
72 264 -132471072
659 24 -578020481
276 399 153153108
543 522 -973929491
102 36 869950118
882 486 -118356360
695 845 102740953
10 791 -989304641
68 397 56103362
825 857 411370968
486 492 -545493938
815 154 364878846
173 314 576345086
614 435 -338535915
290 572 328248858
724 755 -553473742
277 93 941789679
693 336 -626240995
339 99 -468055383
726 908 -721090842
973 570 608632733
991 831 -827571252
29 264 278963982
839 714 -810017635
576 450 -42316312
439 678 -726344469
360 25 73751847
509 4 -935390294
348 250 -94384638
135 453 -767653292
642 566 -630913430
574 996 734627039
377 447 864676005
114 334 -973487409
878 313 584196480
820 57 156511518
546 937 510351704
346 845 619972353
697 583 -228391844
217 560 -213105163
963 625 255314987
859 914 -176500186
470 31 948442035
494 486 -841227556
782 984 -316193586
156 100 -694702364
510 84 240302163
571 561 102174712
857 824 808585439
224 59 -462043062
552 650 501599682
135 863 900935485
791 523 925938551
800 561 -636217141
345 842 64457942
705 776 -433064461
697 959 -651566410
127 836 -438373694
698 703 817926191
746 685 -527272932
919 519 241531606
885 919 -966334234
117 906 134179067
660 834 498453090
583 92 -975261752
673 627 -657617530
833 297 -821803879
33 526 -336214329
551 483 670658114
389 921 -138803876
61 912 -434798113
194 945 -35720693
724 766 -98893000
9 394 279582512
65 525 -133554187
407 832 -592108879
613 350 871305694
198 932 52017931
909 709 98317485
557 242 -985650890
580 849 -253142212
615 360 -987135356
950 946 -663623810
323 902 -972811444
756 587 -435853835
598 868 -289669805
589 53 71087951
546 663 542083655
387 606 -662837333
642 607 751865037
924 11 -481512545
487 171 -689158729
246 603 84511467
654 980 -971856297
111 340 -941109232
889 115 645411257
547 435 651087646
170 574 -284135261
930 579 -417798065
356 965 692535344
545 863 824883522
403 82 849993978
823 106 -812743510
866 582 -563619768
413 263 -778323766
66 991 207885844
375 497 -46731897
62 20 74420639
997 532 -862618847
325 279 -81447925
302 519 -818573196
561 96 803083976
435 678 714930337
660 793 716134784
752 736 785035250
78 316 -530593178
106 67 839563090
96 801 -527579067
777 114 -235160649
139 866 -47113539
742 397 544332917
718 467 680756690
85 991 -717265521
221 569 -254881218
163 282 -466401444
985 471 -692170770
976 495 491175830
336 923 -453395643
792 770 -706144182
353 552 590495749
719 897 364898536
290 713 -681308801
762 945 -210666409
820 585 124696440
529 307 -138783462
129 131 -262593361
488 191 746884871
869 766 -985342236
876 228 778519411
97 546 -303097601
341 205 -722505129
688 408 703270568
325 440 677153179
553 405 7712506
883 91 -22322647
405 496 -477366152
320 992 346769832
431 169 -277716306
324 228 -494134609
963 102 964764783
808 148 -226030654
559 514 -893150686
422 203 511944002
892 633 807807232
438 37 335692668
671 236 -709661774
470 933 -939482989
124 88 -103592696
821 617 -330367960
468 83 149700572
823 449 614583057
309 507 -126767386
793 618 237323450
448 466 -104754206
16 955 -972782688
196 431 629523163
256 598 -124462226
261 175 218206513
447 249 -579906409
591 203 513740325
93 174 483399991
625 889 -454955234
859 860 908203353
594 536 -368875086
280 558 -158991699
981 193 -97547064
297 387 686941612
853 190 -959727461
844 747 -102061804
836 915 130818477
32 218 568473336
440 564 -352983265
484 977 364123284
296 181 -522801514
426 164 720993888
242 786 438999447
460 416 106281311
461 150 871926392
452 25 -658170513
130 443 -623902627
701 623 967910685
595 838 958273957
429 831 -799895747
684 51 868094974
442 991 325659618
201 709 -62384494
676 538 795348480
193 557 680289880
831 304 171593040
538 875 -626051661
180 89 -91786247
785 323 -716090696
119 299 922299076
862 40 -185693417
311 861 -464835275
745 487 616064387
567 763 -918720099
790 459 181179340
132 215 -577989895
863 403 -249687060
203 729 676064722
534 158 -351881610
287 24 210950229
237 332 821353109
745 890 539953226
638 829 -515545793
134 415 -273698738
775 533 -528038056
749 690 -764044424
747 285 -322521365
499 937 -692040781
17 247 -766807341
25 216 -416058228
960 840 -584715195
719 43 -774866212
873 985 312758888
899 117 617845143
148 426 328167623
742 54 -224217499
150 289 785073138
200 80 591605233
699 344 -838515148
459 962 -331040298
746 770 -436075964
207 307 535770586
663 812 653019018
222 869 -469625692
291 651 -222840653
869 232 -406892873
723 640 362661403
810 106 -931702685
426 648 433611447
503 135 -525911758
448 773 676170405
68 794 387343680
353 135 -94843567
730 276 273345737
562 185 265034095
983 767 422696509
763 723 549298105
151 11 -247794674
879 688 -213134461
816 770 624107639
688 573 -782191270
829 677 513515193
470 479 -761582602
298 772 -186518853
880 876 822469653
658 50 925619065
693 287 213651205
677 493 -532435363
580 970 -423253467
451 628 351437483
343 38 -248676715
547 957 70508393
573 690 470674789
597 959 846870484
105 75 286145876
250 514 831453651
880 825 -553379192
11 659 -945778831
189 995 -326509142
535 437 326528213
178 991 929410016
987 383 -444124542
179 17 -603756287
764 160 59262157
496 259 892530108
388 757 65430890
963 596 -774966298
323 10 52895907
381 223 899820008
348 259 -621462863
560 709 936765973
600 535 -861345730
703 926 191869650
168 44 -813025954
798 861 2842877
949 898 -686685404
51 445 -514539845
808 213 189128544
253 536 -789321251
909 673 -919525074
161 203 -784143845
330 196 -579698494
898 420 474987370
47 877 636651088
326 644 -285374942
854 763 -518687325
907 420 887705913
54 916 202846736
384 295 -880451179
379 492 12050368
815 937 -287019793
893 154 -948792741
741 53 -38743822
658 123 234139607
335 1000 -424714886
821 194 584297874
947 513 301357801
237 886 -472586785
317 641 -566999793
251 356 443299986
21 657 -376729740
980 835 218914915
525 308 831160835
853 43 -18481741
547 154 735179828
582 393 -269087464
339 984 315395192
724 22 -898614655
832 259 167649657
719 535 -667025119
38 151 869206104
895 374 464155340
952 333 -430686618
990 829 -668437303
863 546 379798904
8 472 -864597132
686 737 -19714767
697 806 550989095
142 280 129811856
193 302 878453019
917 521 -393251248
598 589 -662531906
225 107 474582601
128 90 925458882
94 912 -79007237
28 620 257507485
546 857 -882696006
826 666 -275172596
843 563 -925849021
552 94 593503857
849 461 -491164144
573 567 -382599026
97 35 -509030555
366 925 -143721879
267 737 819146256
236 464 255827294
599 781 820313365
808 286 987693170
496 574 -189651229
86 660 -236918711
575 235 -362651209
945 17 112680357
780 103 42369659
669 915 -582392560
132 766 -439625291
236 911 -617867684
788 2 -25272157
105 921 -439075609
837 110 53639394
941 398 -955549837
873 125 487343712
313 18 -698079032
844 34 -962977902
269 443 85072053
296 633 -487017227
34 260 -830868083
182 217 -632369052
997 632 -920984384
664 64 -243200580
949 561 -180325274
793 483 512473666
390 278 614092022
649 923 -990728272
745 929 -614405485
288 911 -657235320
845 200 544292362
978 203 -813291481
471 893 -618312295
393 569 874400014
178 317 779364537
526 110 -558907789
479 380 883651934
252 332 286401906
699 554 -264436256
1 258 62265189
968 922 -250677992
749 469 -288676794
161 371 754138767
884 40 -865328890
689 179 -657499500
77 215 -516413040
369 1 -795974061
728 697 260059635
237 259 -585941310
778 94 -957159269
772 360 936053473
842 973 759738722
93 791 -690001854
407 603 461155558
490 694 -988749901
457 260 772031517
733 580 -336447081
221 184 -956683280
985 8 -95743468
919 914 -395531567
113 797 287498034
630 335 488338376
46 77 269104391
132 919 405456430
738 137 223463184
566 468 -15870057
986 178 154692902
204 473 902018025
530 864 256597121
17 827 -637564864
151 904 532608229
357 868 965465461
800 548 -213305661
844 305 758086982
774 580 -516883969
598 646 692814438
48 69 -373907660
255 531 -148546235
270 765 -115442933
265 966 -438699628
708 79 -775521682
478 624 534053519
427 223 280335446
200 739 -803461175
273 70 799103537
867 840 -943097645
491 426 -471489003
837 925 -77659828
527 129 -144969363
907 903 619491705
654 676 133564037
141 242 657964722
964 437 128339585
393 55 -412050263
440 166 -417072411
797 39 -375523633
667 304 497682983
297 175 -514356377
56 785 686853685
613 712 901005504
462 208 -53270483
442 491 -913095944
408 961 888047828
370 194 486837781
225 683 -848614344
363 423 747874650
612 985 682465224
370 561 876086968
498 862 -799884746
362 727 973516388
674 405 -134989494
757 763 -887482270
43 499 -172713128
288 979 -207669004
9 939 986832454
990 596 -211601665
620 43 -24910883
737 113 549360479
249 325 -919527145
659 26 -591452100
764 230 95676527
800 488 58710414
950 922 757450632
450 527 336625594
564 153 131157961
598 972 -450268931
416 407 595066874
205 225 -401530566
935 621 419343851
863 547 19108915
300 845 -57777814
110 98 -595446918
789 784 5917737
267 570 -70633167
763 760 -72678427
326 930 161486105
186 719 -577908261
201 628 -616815576
497 138 -315446605
634 873 580310884
531 91 531652991
488 972 496508940
234 791 107220938
750 573 944077497
34 701 733447130
554 745 -209198502
34 671 212600643
180 349 -333175867
364 860 -801063336
643 821 -393490358
88 751 -57094578
497 964 393073780
560 443 147745392
726 879 -912697370
893 98 694934829
242 190 -627965237
221 286 656886267
953 971 -868681574
588 858 584838569
78 468 -157343472
233 207 -666467245
551 84 -530499316
314 137 748184235
565 541 -530064402
485 775 -852121594
617 280 -891499651
37 749 -404296266
558 234 987599029
83 661 -211083594
705 444 -756783008
116 76 247179430
100 258 323611762
142 126 -175589345
137 536 -45930988
542 220 190173496
789 630 204031415
913 96 -978209517
788 513 418557678
672 49 -369460124
886 87 -552815671
964 209 -84980189
202 369 264046097
712 95 458104431
608 422 -956771788
998 241 294437236
452 232 463980659
466 215 -222224974
122 557 -807905822
992 448 223794013
363 521 757373830
960 962 768663242
942 980 -207933245
449 342 -533205960
459 303 -378549780
586 983 -288019365
398 579 588426478
907 878 919983797
350 27 -223493628
383 286 -644455587
417 709 312673228
564 859 -828721500
20 797 -412759230
636 403 375758136
265 215 -650869122
333 155 -952426772
966 617 -844786115
727 709 540194416
80 694 -853953378
515 744 208309275
272 588 760877797
828 178 76800814
396 869 175337683
958 186 592755491
897 277 -432971245
690 769 -163158720
618 506 952405402
750 382 -298485689
379 994 217999284
558 127 419539574
468 784 -46802398
514 915 -53744203
799 195 74571665
349 639 889118448
879 120 -638159701
60 181 187044000
815 837 499478155
457 414 -405267999
519 798 660841667
969 783 -946850668
497 551 -949336401
720 202 243141463
915 7 -930014258
608 105 -335147507
684 102 -501974196
384 171 -583541185
564 444 -177069583
248 203 -969087765
231 781 -77907121
80 328 136682138
965 56 218169877
680 352 989020390
909 189 -516434033
492 432 224176997
814 141 841233813
648 700 105849327
328 574 -159085320
182 295 -986617012
701 26 -710316102
501 917 561290839
505 566 750907645
423 506 136206226
196 474 46880636
517 473 903798854
261 224 222701241
624 407 -805826907
386 500 244275961
564 376 -745754472
434 183 138427815
576 125 -244561065
268 50 33366063
273 222 462115506
419 400 -751673913
77 61 -154201902
876 855 -616375833
770 467 -188146777
673 31 -14387829
868 275 773830660
400 288 330955744
507 632 653938122
912 206 545120699
781 175 197847041
298 110 398079963
411 104 -463984200
306 616 -297687310
634 870 -739882872
106 378 -112031438
555 121 365680134
936 82 86446249
75 19 254811579
163 29 -871556798
402 305 -928524470
385 153 32298343
505 713 -482282293
263 734 -847406135
834 108 247429260
229 625 -311792270
538 592 540519998
432 212 759346075
754 866 7241867
77 209 969269394
758 608 -377992870
745 946 -738886105
48 237 -705385313
74 359 70470886
32 99 -616957021
235 181 -710514213
84 29 -534348582
815 644 -386725407
256 777 -312434607
679 60 -7883060
952 997 600149356
130 550 -837144862
39 371 228475562
55 870 349829551
714 410 -850982213
953 26 -33978397
714 512 -605295894
481 479 -20434418
129 611 86110980
544 861 547732842
281 842 675317168
157 288 -413322524
299 60 936729998
348 968 131502343
840 20 462758060
607 413 262788309
634 461 439703644
335 659 -453985550
766 985 -134964053
232 534 -399946684
271 374 637629169
780 134 448271110
913 125 870110752
988 597 787120690
302 610 -812757226
216 914 272093415
640 552 -785096256
754 495 -942943499
449 871 158462546
633 489 -959457251
459 905 422804247
541 939 -508439450
468 873 -348180202
719 98 -757981098
238 96 422672764
189 841 -782909319
158 397 -96537710
64 805 -431844589
154 142 273637418
394 261 106251165
549 274 -236417528
819 262 -757991351
568 387 -652819271
103 345 -313977321
464 347 -856108002
954 211 778940005
846 547 -18029843
738 767 -959947845
1 728 721648888
1 1777 -78675963
2 123 9
2 193 481
2 883 216
2 755 883
1 336 445138472
2 311 584
2 599 260
2 31 183
1 820 -895701519
2 535 649
1 1348 -227016351
1 1238 -674784117
1 999 248319566
1 497 180078967
1 719 546718136
2 223 641
2 420 217
1 524 50653229
2 879 135
2 622 614
1 60 275437277
1 1384 -465382793
1 205 990339104
2 960 898
2 627 562
1 1970 -348753495
1 783 114893840
2 875 735
2 902 981
2 929 979
2 418 520
1 1693 931264595
1 1710 -741463952
1 1092 307234837
2 940 20
1 649 -382792718
1 752 -398671421
2 308 182
2 416 261
2 843 81
2 961 458
2 395 43
2 284 790
2 174 670
2 575 627
2 150 377
1 1683 -371639378
1 963 104891299
1 1989 758798463
2 516 947
2 800 478
2 882 271
1 162 429822540
1 1463 406418763
2 188 674
2 596 430
2 350 896
1 1961 791850512
2 446 368
2 769 612
2 584 40
1 801 -621253959
2 441 713
2 789 698
2 983 484
2 216 756
2 421 312
2 903 153
2 322 556
2 5 138
2 393 110
1 1931 -993603026
1 620 445807569
1 1730 -100327157
1 922 -393886416
1 735 -12489102
1 1957 -651334492
2 732 177
2 972 464
2 264 142
2 259 553
2 813 865
2 162 684
2 57 49
2 203 194
2 17 698
1 1467 534231496
2 46 383
2 979 226
1 1756 130795852
2 697 376
1 214 917008334
1 1082 -155027906
1 166 607380274
1 1955 494759891
2 2 655
1 1972 -75295398
1 936 57028043
1 126 624566431
2 543 264
1 1073 925800776
1 1686 736371306
1 135 626958500
2 727 838
2 109 832
1 1862 946484190
1 1680 100195548
2 683 347
1 582 277178710
2 555 376
2 161 276
1 1140 694395509
1 1826 297416989
1 1227 -848679975
1 448 631995522
2 708 388
1 659 -306305447
2 641 128
1 149 85116352
1 888 148068769
2 528 457
1 932 -476452364
1 591 272655026
1 330 90005981
2 402 614
1 1277 425598241
1 1076 122140271
1 1451 -163107916
2 129 544
2 170 480
1 1697 448100679
1 1543 -561315372
1 528 985702671
2 255 247
2 557 691
1 1811 77763615
1 1819 426734313
2 197 442
2 875 763
2 511 488
2 871 125
1 1832 53664158
2 173 463
1 1820 -853061418
2 204 966
1 1583 -329980759
2 807 563
2 610 601
1 780 -319099484
2 478 902
2 1000 847
2 545 35
1 1393 442920174
2 188 415
2 956 747
2 909 472
2 403 223
1 1643 818250779
1 323 -804545149
2 653 680
1 282 893527043
2 368 181
2 518 882
1 1410 860871762
2 147 785
1 226 -704469075
2 926 783
1 113 381848261
1 1594 905263249
2 490 213
1 1942 -601408453
2 488 342
1 1883 709348954
1 1157 97288876
2 829 205
2 130 871
1 283 -855651840
1 1659 -194479250
2 445 397
2 422 39
1 1537 -770350497
1 190 6141942
2 742 988
2 362 247
2 347 336
2 615 771
2 682 579
1 696 -150424299
2 289 546
1 1207 175926884
2 71 392
2 113 735
1 922 -213256507
2 664 113
2 102 68
1 1131 -729066568
2 962 918
1 532 831784363
1 955 111386594
1 1140 -145381518
1 1668 -543253709
2 765 688
2 836 317
1 1262 -551933875
1 601 -929370327
1 942 -183002814
2 828 121
1 92 37520172
1 1196 597760511
1 1679 -466286496
2 548 216
2 237 452
2 686 276
1 263 -281551590
2 171 826
1 404 96737936
2 53 219
1 594 377408071
2 642 344
1 1370 597652946
1 1575 253108173
1 1568 -376196892
2 207 613
2 862 448
1 773 219197550
1 1688 -561545048
1 1745 991451662
1 187 -253205890
2 274 737
1 378 112837339
1 19 41435831
1 1158 -537859316
2 160 48
1 1267 -289057772
1 700 66843210
1 1785 857842882
2 377 942
1 310 -797896527
1 1470 -213153230
2 776 642
2 19 524
2 359 73
2 385 400
1 511 466844842
2 265 331
1 1504 -49279190
2 142 307
1 925 578538497
2 838 514
1 1536 -381810345
1 1450 -809590311
1 846 176672679
2 708 68
2 239 117
1 448 989813500
2 131 244
1 830 784028503
2 885 224
2 286 847
1 915 -990919913
2 114 751
2 874 904
1 1992 -671800613
2 517 183
1 1724 395728485
2 542 871
2 914 22
1 527 -626484336
1 1564 744822929
1 1590 -476760432
1 1426 184330591
2 219 516
2 731 695
2 134 786
2 790 731
2 563 170
2 688 36
1 36 -700191007
1 612 -186497295
2 869 444
1 1204 -230821091
2 346 832
1 1110 95282915
2 193 929
2 4 841
2 289 8
1 1229 113091280
2 562 528
2 928 95
2 290 470
1 1220 -408993281
1 727 -164949289
2 189 613
1 1412 279435911
2 855 597
2 674 638
2 364 322
1 1157 -34911808
2 290 363
2 32 859
2 142 661
1 910 -913165482
1 1446 114784648
2 582 654
1 62 139854751
1 228 891706167
1 757 513675799
2 466 187
2 972 634
1 7 -143440082
1 1746 843145441
1 1059 216161417
1 1105 30414398
1 1313 -369973827
2 784 116
1 5 144605060
1 860 733512647
2 493 187
1 1202 915015559
2 805 686
2 829 619
2 860 899
2 413 872
2 417 72
2 648 626
1 958 -587196661
1 369 -603309384
1 1234 -868970086
2 264 27
2 914 489
1 844 574809796
1 1405 -916279605
1 1759 -583990228
2 357 123
1 715 459173289
2 677 392
1 129 925695060
2 419 513
1 1332 -333525325
1 282 -546078674
1 614 704045987
1 1680 28017021
1 1240 -949423135
2 262 741
1 1577 925135900
2 210 885
1 1445 -126439813
1 944 -427282477
2 31 449
2 592 752
2 300 324
1 887 -168381050
1 292 973597675
2 325 484
1 1022 830058630
1 1532 -369375086
2 594 443
2 836 457
1 724 650267089
1 1725 346437439
1 708 -963029581
1 806 -333546354
2 324 302
2 785 30
2 313 493
2 356 615
1 500 -636852034
1 1675 -785870992
2 533 201
2 121 623
2 321 73
1 312 -14153205
1 701 154801986
1 188 599458019
1 485 618789551
2 129 23
2 61 850
2 683 858
1 68 999399897
1 1032 74916404
1 806 -73653268
2 171 243
2 526 369
1 1442 158594582
1 425 -389977266
2 825 358
2 721 655
2 647 455
1 358 -416978473
1 366 777093374
2 849 377
1 1877 -804765325
1 762 450208107
2 208 480
1 218 914531036
1 575 197754530
1 683 345403213
2 208 394
2 8 236
2 270 241
1 264 -106844602
2 418 964
1 1641 -426962865
2 485 28
2 780 424
2 529 647
1 1716 155943326
2 69 349
2 399 764
1 518 -483040197
1 1732 497035759
2 72 773
1 898 -500991020
1 1684 140344329
1 669 586419290
2 61 494
1 758 73273310
1 176 -370768734
2 897 133
2 863 799
2 488 471
2 336 73
1 1069 548003828
2 37 314
2 486 985
1 1416 13332847
1 638 -979512315
2 239 860
1 1173 373377035
2 543 830
2 674 478
2 996 476
2 278 303
1 1933 172450349
2 868 196
2 73 626
1 1138 -219426432
1 1529 -935509609
1 850 -53514830
1 704 399986971
1 535 669001747
2 7 412
1 1233 -870058885
1 428 891560805
1 1667 439128957
2 987 939
1 945 -44073151
2 701 858
2 908 892
1 714 -808865594
2 614 350
1 1424 -566666624
2 995 984
1 1447 -927349063
1 1904 -478234920
2 741 944
2 693 535
1 1806 -552847093
2 222 15
1 1178 -801570429
1 311 -561725892
1 705 -792860798
1 1092 375405815
2 232 291
2 940 476
1 1009 52861331
2 463 540
2 289 272
2 961 219
1 1012 -74577773
1 1531 -744715859
2 271 700
2 452 189
1 1201 -138504478
2 444 222
1 967 -156342035
2 316 679
1 951 -870230402
2 880 355
2 376 609
2 35 224
2 793 116
2 42 166
1 206 -877227795
1 928 -102968949
1 1567 620742703
2 490 707
2 134 612
1 865 -755833190
1 1615 716562782
2 544 434
2 563 599
1 806 -980158274
1 231 276020071
1 1716 -946702681
2 186 158
2 443 702
2 11 324
2 296 742
1 22 -203441029
2 804 996
1 1870 776817482
1 77 -73944323
1 1444 286123731
1 888 238386872
1 1735 361115610
2 931 328
1 528 797710465
2 850 304
1 1431 -169180350
1 1552 270792051
1 592 581900706
2 347 203
1 1327 -817697008
2 172 516
2 152 560
1 894 458682289
1 53 -495918591
1 339 795393525
2 783 685
1 1376 982853838
2 30 296
2 35 807
1 1473 750011253
1 1559 -293597940
2 805 259
2 230 991
1 294 -835130176
2 133 156
1 1070 952558699
2 691 759
1 1124 955736659
2 800 640
1 35 458155750
1 1807 -650394108
2 580 704
2 835 476
1 1473 685939313
1 1561 126731839
2 199 425
2 247 606
2 781 847
2 690 534
2 872 667
2 841 901
2 511 981
2 971 318
1 497 219529413
2 571 179
2 417 995
1 727 -792025438
1 846 629945305
1 1206 80676368
1 380 -775014677
2 878 974
1 981 377711852
2 959 594
2 812 697
2 762 918
2 757 492
1 1129 -541364574
2 803 365
1 927 764460077
2 244 448
2 571 897
2 881 210
1 1559 626836728
2 765 138
2 92 663
1 759 352008557
2 144 618
1 450 307456561
1 436 -68444164
2 810 447
2 209 688
1 1794 408372163
2 287 76
1 1006 -703676133
2 739 196
2 20 588
2 649 383
1 1844 495513596
2 63 739
2 657 572
1 1681 325597820
2 840 26
1 76 691631907
2 418 56
1 808 -531321377
2 593 683
1 1179 57762093
1 439 986751014
2 45 217
2 185 278
1 416 -946475165
1 52 -439364078
1 319 -735863863
2 733 32
2 780 697
1 1249 997126540
1 1088 634954688
2 320 664
2 756 823
1 1337 -453459603
2 206 849
2 576 155
2 431 18
1 1316 -337347390
1 1902 -668664727
1 652 591489655
1 463 84300344
2 915 538
2 128 582
2 178 176
1 386 -511855556
2 398 662
1 340 650808724
1 1755 -30761729
1 1815 -639995312
1 1038 866494786
2 419 981
1 1658 -867326633
2 976 130
2 806 533
2 643 180
2 214 502
1 1520 430327897
2 879 535
1 1401 649218917
1 1221 672527466
1 1578 -167945062
1 1829 -248926342
1 201 225289142
1 520 584059456
2 920 192
1 320 -269295744
2 327 934
2 386 915
1 1660 -683197184
1 1850 -84901691
1 1558 632146020
1 1197 449129580
1 1300 -838198215
2 38 255
1 576 829079420
1 1241 -868984508
1 1336 -838562077
1 443 896757830
2 683 586
1 1458 -541003604
2 973 914
2 622 361
2 327 910
2 175 441
1 715 888082690
1 269 638607868
2 329 119
2 884 857
1 445 -746568105
1 945 -542990728
1 1446 -103827128
2 538 61
1 1315 -296032526
2 813 484
2 534 322
1 1342 116428622
2 244 27
2 976 479
2 216 227
2 866 14
1 733 237665982
2 530 151
2 30 922
1 1875 -478447898
2 670 957
2 369 30
1 1940 -206483511
1 922 865867845
2 370 618
1 1087 832314453
1 355 -151749876
2 626 809
2 778 959
2 246 67
2 858 958
1 1654 798404165
1 93 -120680915
2 517 783
1 710 -231216270
2 133 504
2 6 231
2 583 680
2 19 848
2 863 410
2 492 980
1 1252 289239206
1 1899 227644806
2 172 487
1 1023 -87655248
2 676 73
1 984 621855453
2 259 477
2 630 235
1 565 -324729025
1 1428 -767179139
1 366 137826434
2 282 60
1 975 -239134307
1 676 21562430
2 994 988
2 833 57
2 441 239
1 1740 814332481
1 1131 -495535425
2 934 651
1 1525 -468900497
2 505 79
1 472 472042567
2 265 70
1 671 -534084278
1 1835 -985412866
1 1660 188217059
2 968 335
1 1232 -338818382
1 1735 888933233
1 805 587206010
2 405 860
2 363 854
1 638 190337877
1 398 480325660
1 1707 -613814412
1 514 -11927171
1 801 798409860
1 1393 -632996996
2 409 525
1 181 -141053698
2 452 743
2 412 748
1 1152 149093832
1 1561 216030066
1 1398 163170541
2 40 293
2 110 775
2 554 158
2 375 49
1 1794 -681586204
2 186 524
2 738 18
1 277 511840738
2 84 342
2 76 283
2 549 649
2 602 587
2 102 859
2 611 624
1 400 355621537
2 343 404
2 140 502
2 972 648
1 1822 -602068957
2 881 845
1 572 684721281
2 614 694
2 976 686
1 1519 306710932
2 594 224
1 1509 456924371
2 16 486
1 1475 -273387756
1 1103 -214963090
2 834 234
2 364 31
2 748 331
2 842 423
1 1127 -652473996
2 484 115
2 630 763
2 743 384
2 791 501
2 714 216
2 53 875
1 1400 -464761537
1 340 -783732571
2 332 420
2 951 790
1 1170 595650008
2 643 893
1 1153 -659751959
1 1784 207154497
2 433 953
1 661 -710801546
1 1724 -20900786
2 215 109
2 20 779
2 984 704
2 643 488
2 192 470
1 945 -288022750
2 131 869
1 1016 373892335
2 577 9
2 879 718
1 1704 974499865
2 840 151
1 1166 307048102
1 36 -453374337
2 829 206
1 672 847187631
2 365 304
1 137 31854851
2 643 918
1 823 430255594
1 619 945292202
2 477 422
1 856 31472517
1 545 453630948
1 1771 170062549
1 1208 -991558929
1 1905 285234897
1 1243 374643256
1 653 927048900
2 733 208
2 157 75
1 1444 347385093
2 164 888
1 1027 985706176
1 114 93256350
2 373 488
2 982 399
1 88 750584857
2 517 815
1 525 -502324309
2 74 185
1 92 211827891
1 1213 999941261
2 106 102
1 550 -538624698
1 1384 146958883
2 494 454
1 831 -713806279
1 104 19771885
2 476 402
2 523 760
1 638 810670638
2 68 243
2 286 238
1 657 38891763
2 725 264
2 919 624
2 573 883
1 142 -945021088
2 299 906
1 1306 -759399743
1 1185 -4415069
1 1932 -995723373
1 1179 24204926
2 124 313
2 700 761
2 127 693
1 1772 -803770328
1 759 -626585734
1 1015 13861059
1 1898 -919897328
2 647 283
2 628 848
1 366 685149855
1 557 568206295
2 853 658
2 329 692
2 787 123
1 1302 -283384088
1 896 -594900187
2 314 302
2 110 509
1 501 161234933
1 388 33641293
1 1569 835256792
2 220 583
2 198 730
1 361 -482987532
2 840 258
1 551 -832116931
1 704 -652920354
1 1951 -508221192
1 1513 -939775933
2 369 237
1 1752 -207036203
1 1089 665259514
1 1073 -317890677
1 561 -872693275
2 599 857
2 73 359
1 117 353268107
1 946 860261359
2 229 474
1 337 -936597823
1 1412 -475817400
1 546 -44133394
1 1783 252785640
1 1540 -784733842
1 62 133663595
1 1409 -800314866
2 42 403
1 1013 -716463680
2 318 942
1 1006 442742298
1 988 -780268117
2 774 117
1 996 -178566652
2 478 342
2 43 937
2 724 138
2 667 942
1 1689 66512116
1 993 -517160550
1 1004 -698717273
2 964 385
1 864 816266772
1 49 -619648938
1 1255 -42460178
2 806 794
1 1236 -177466761
1 1092 -667909390
2 543 281
2 231 746
1 302 247877467
1 194 141987013
1 502 -986328646
2 249 374
2 460 489
1 726 735983317
2 232 835
1 1220 705785617
2 985 18
1 1009 -282934353
2 650 305
2 1 58
1 1588 -277263746
1 777 809246685
2 78 719
1 1424 514128183
1 639 -453816183
1 1693 -842832820
2 902 829
2 630 549
2 845 882
1 298 932161527
1 1213 -55949070
1 1963 -712804159
1 237 972683386
2 625 508
1 1117 994170716
1 656 769905988
2 495 15
1 1193 604460845
2 632 932
2 234 916
1 853 -723229600
1 1947 28348693
1 1303 521828841
2 28 660
1 664 -809377587
2 656 217
2 701 297
1 1569 -486639496
1 1129 -33789565
2 453 504
1 537 -138841909
1 295 -337739876
1 1649 528932176
2 716 944
1 1714 -640412864
1 1046 -279715545
2 231 335
2 968 586
2 191 17
1 844 -289540695
1 1508 -169190120
2 808 84
1 1313 -491093605
1 1121 551095603
1 796 -723598504
2 101 510
1 393 -211671294
2 615 316
1 1466 -442377604
2 575 757
2 110 910
1 1756 583002320
2 174 217
2 490 763
1 292 296774531
2 264 819
2 261 783
1 1297 -588540637
2 252 814
1 1019 -833864256
2 36 165
2 161 407
2 948 846
2 114 429
2 155 50
1 732 -786442243
2 297 281
1 1314 210561037
1 904 -354531164
2 452 210
2 841 90
2 600 378
2 486 330
2 669 869
1 1687 -573102832
2 199 57
1 704 -214597460
2 772 842
2 514 695
2 219 252
1 1925 721301333
1 189 -963483302
2 952 242
2 541 708
2 531 638
1 588 -394129926
2 718 236
1 1921 68630758
2 880 166
2 94 201
1 726 923106070
1 701 868010664
2 479 42
1 1606 147710881
2 740 188
1 1847 701993081
1 1083 -701319656
1 1170 721402248
2 699 30
2 115 528
1 1152 207015872
1 418 -475239835
2 4 531
2 949 198
2 465 958
1 694 773657510
2 861 901
2 701 667
1 1464 994321853
2 911 931
2 883 653
2 207 164
1 1042 -135789690
2 127 717
2 612 593
1 1658 783742823
1 823 440262707
2 601 33
2 419 362
2 719 793
2 398 847
1 366 176831145
1 557 138783816
1 676 159785312
1 591 530843627
1 743 851043889
2 445 792
1 409 378078158
2 320 251
2 871 725
2 54 527
1 1332 -348212532
2 447 606
2 478 806
2 497 576
2 232 179
2 790 460
1 499 -771108416
1 897 -134318988
1 1913 -860297338
1 329 83527130
2 817 573
1 968 -185834127
1 1863 422852754
1 935 -592510998
1 474 -491223742
1 794 -36687434
1 1912 96047636
1 46 993039065
2 726 180
1 399 581383809
2 541 464
1 312 301040012
2 668 936
2 120 316
2 94 191
1 776 -272585173
2 485 515
1 481 834464936
2 367 73
2 873 40
2 656 467
1 570 755652352
1 357 956981771
1 1113 445937249
1 25 664492080
1 682 237887159
2 962 877
1 122 -383201588
2 144 481
1 1829 560651397
2 373 762
1 1267 540914632
2 108 496
2 535 56
1 83 -171983495
2 341 532
1 1189 -51984216
2 391 800
1 1718 -406027385
2 307 364
2 172 475
1 652 629568094
2 285 602
2 64 919
2 995 39
1 1868 -228967041
1 167 -210870944
1 1690 -480026999
1 885 320439502
2 302 199
1 820 175547085
1 170 -935754188
1 1812 -159515006
1 341 484503022
1 1000 -168642557
1 1743 886220271
1 1305 400862958
2 636 766
1 236 709839954
1 971 -299437864
2 916 15
2 134 72
1 348 -436348766
1 1887 -62629763
1 1230 -568227900
2 394 338
1 1137 569869472
2 661 792
1 189 667032627
1 1904 -862855974
2 628 725
1 864 340450022
2 164 723
2 689 915
2 209 759
1 541 -616343674
1 1180 -50136651
2 351 992
1 243 444209331
2 977 310
1 1493 443050552
2 626 17
1 226 -732016632
1 1499 444557789
1 796 -750687646
1 1172 -220493266
1 712 -593707395
2 16 663
1 338 -451316059
2 52 229
2 468 705
2 952 961
2 857 380
1 1700 -846828836
1 39 -438306590
1 1538 -5776845
1 1244 -768065524
2 197 200
1 680 864428239
1 74 -177728938
1 320 255856546
2 469 876
1 1074 -622781179
1 1561 -575153381
1 1740 207341759
2 897 983
1 1456 -539611485
2 440 556
1 1236 -464158238
2 597 38
1 1770 633865918
2 838 344
2 383 795
2 577 303
1 877 56436223
2 449 584
2 23 464
1 380 -419886016
2 830 851
1 565 421837926
2 47 203
1 845 -759525732
1 1479 -926653527
1 1713 469115902
1 1093 -380067530
2 541 592
1 1343 -106797745
1 1186 400644403
1 896 -797713550
1 1744 -639036814
1 1106 -958228577
2 168 917
1 1471 -538656029
2 219 914
2 161 281
2 283 999
2 924 666
1 305 -206764165
1 564 -139474549
1 1523 421087031
1 293 -879181536
2 611 681
2 703 920
2 726 476
1 1923 251674797
1 655 560565470
2 871 490
2 499 244
2 7 935
2 357 19
1 591 659091540
1 1069 -871258436
2 326 55
1 43 -40184284
2 621 838
2 938 366
1 260 584503226
1 1436 -324474343
1 43 995538520
2 435 640
1 1173 290989024
1 1249 518303389
1 361 -23648885
1 27 -669795483
2 331 891
2 136 459
2 934 964
2 859 281
2 478 663
2 67 119
2 222 82
1 943 -216681257
1 83 838913963
1 564 987980892
2 934 782
1 955 641199060
1 805 -128583401
2 1 487
2 691 260
1 131 109269953
2 271 977
2 769 532
2 228 834
1 91 -731492589
1 1318 -752437359
1 1307 -423383324
1 1340 -313730826
2 830 847
2 103 771
1 696 -409996476
1 610 -990549340
1 701 226219317
2 564 556
1 800 566935053
2 110 354
2 524 917
2 839 23
1 924 993341450
2 216 385
2 126 350
2 577 597
1 96 -37940229
2 935 695
1 615 -488940817
2 29 296
1 1264 -494419747
2 101 126
2 939 943
2 202 946
1 423 981221754
1 465 937948551
1 64 -715092253
1 1576 -269756980
2 891 495
1 470 -686345200
1 1207 251310792
2 349 222
2 923 324
2 323 719
1 511 424309731
1 763 823291960
2 191 311
2 865 678
1 418 -11381899
1 339 -287482128
2 337 842
1 1477 410762596
2 239 52
1 256 -654172417
2 178 870
2 488 220
1 361 723716388
1 1314 -40699069
2 1000 149
1 1257 163827839
1 869 -451271336
2 260 547
1 1315 -208256768
1 1416 880077153
2 826 809
1 390 -59012434
1 1671 -553214943
1 274 -44846131
1 1366 727802617
1 1520 567582411
1 826 799112514
1 1274 -805008890
2 12 90
1 598 701671551
2 181 335
1 263 -761136344
1 1220 765817355
1 246 -674048805
2 511 728
2 893 203
1 1664 -831593104
1 1001 189468567
2 114 758
2 459 47
2 887 177
2 779 384
1 1171 -486643573
1 1383 863264005
1 1106 547452760
2 744 821
2 478 331
1 1911 580893862
1 890 -748573007
1 932 235189961
2 493 387
2 696 193
1 1230 995997970
2 71 976
1 1287 911748457
2 869 751
1 1467 332277259
2 104 615
2 787 527
1 1241 -611612737
2 191 397
2 463 774
2 281 142
2 664 639
2 411 549
1 877 73804618
1 45 264202114
1 1987 -365719531
2 244 240
2 12 643
2 329 962
2 818 479
2 372 289
1 1939 588146923
1 858 434574062
2 69 672
1 959 -715130092
2 586 280
1 550 900799566
1 911 893539492
1 1809 -467843792
1 459 226684952
2 85 677
1 403 198006998
1 1210 868259750
2 21 399
2 369 471
2 981 71
1 1195 543344664
2 962 628
1 1723 -339309880
2 38 1000
1 875 -223137041
2 332 857
2 513 700
2 152 173
1 718 -179048775
2 259 751
2 577 941
1 309 93676721
1 35 298515383
2 139 300
1 1637 -65528752
1 370 -67358146
2 325 566
2 14 735
2 850 238
1 1449 -604551486
2 261 324
2 381 535
1 1415 162649824
1 1991 893155492
1 279 -902602150
2 534 947
1 1185 143840063
2 1000 831
2 148 410
2 524 827
2 692 136
2 410 58
2 962 507
2 160 278
1 1425 579050807
2 346 193
1 1772 -269468872
1 1718 328467937
2 762 514
2 741 978
1 483 -260295294
2 474 680
1 1892 -967441055
2 849 719
1 311 -674263856
1 776 309354902
2 476 807
1 268 -224595885
2 225 482
2 614 801
2 13 227
2 216 396
1 1209 546889410
2 663 520
1 1501 -783753843
1 1009 407722369
1 1866 -569415468
1 754 162140871
1 994 -20495451
2 423 907
1 955 515231385
1 987 -677384558
1 967 331840243
2 484 316
2 925 450
1 1767 -416092756
2 850 282
1 997 -487108803
1 1401 -396487703
1 1974 200212758
2 99 810
2 628 775
1 234 774561429
2 122 38
2 258 277
1 1449 374491415
2 529 478
2 110 171
1 1262 699426796
2 306 182
2 861 896
1 1989 -333423705
2 251 828
2 173 911
1 765 114737510
2 223 450
1 1977 -246977849
2 252 261
2 670 91
2 833 444
1 1437 658351790
1 96 -73733007
2 813 537
2 794 125
1 346 548294090
2 846 378
1 1132 -528611529
2 529 918
2 803 901
2 159 219
2 134 317
2 195 292
2 240 67
2 993 600
2 941 118
2 575 530
1 239 -947483610
1 544 724878528
2 815 160
1 879 -481169784
1 1784 296073202
2 672 362
2 114 946
2 1 770
1 476 539497679
1 222 493965514
1 1553 116239219
2 162 40
2 416 335
1 375 831857932
2 530 665
1 1675 -634606599
2 904 898
2 871 384
2 657 997
2 991 861
2 613 650
2 706 473
1 1028 212801947
2 969 282
1 157 366524355
2 104 147
2 828 155
2 330 388
2 498 232
1 1701 778922705
1 792 69801872
2 831 75
1 1895 345712119
1 674 464761283
1 688 -41929500
2 900 291
2 860 260
2 639 675
2 171 551
1 1442 -927968964
1 1443 -247423081
1 1848 988025015
2 94 68
1 580 438452516
2 350 885
2 756 988
2 733 413
2 314 737
1 1249 448427225
1 100 -970810411
2 481 874
2 373 944
2 159 39
1 869 870351097
2 236 804
1 110 917662689
2 643 585
1 45 964522175
2 466 943
1 92 -532220417
1 1524 -145098582
2 865 570
2 460 250
1 1744 795469142
1 1994 -919087172
1 1016 317477063
2 651 607
2 397 257
2 769 433
1 7 184603293
2 815 341
1 1332 273394884
1 816 -626352120
1 1713 -450310586
1 366 940220732
2 905 68
1 33 46147887
2 388 753
2 83 680
2 447 205
2 284 415
1 1005 797812929
2 240 277
2 732 629
1 785 731582578
2 636 939
2 450 708
1 647 884554780
2 598 111
2 556 437
1 1242 902360474
2 712 206
2 211 943
2 595 743
1 1701 -839906956
2 140 947
2 223 951
2 598 819
2 641 67
2 615 73
2 23 379
2 924 19
2 133 335
1 44 -682174068
1 728 874596989
1 1338 -300563381
1 1815 542777563
1 1171 727259820
1 1713 -982419469
2 419 315
1 1136 -422669631
2 991 893
2 348 620
1 1097 -548088952
1 7 -3710279
1 688 362963717
2 152 379
1 95 413489550
2 176 172
1 1280 626484401
2 824 794
1 139 -953303706
2 633 263
1 259 -641002197
1 525 -85741148
2 398 738
1 1063 576647158
1 804 188507030
1 1981 -453841716
2 856 260
1 350 289027801
2 528 502
2 303 957
1 40 391895618
1 1159 760904385
2 967 93
1 1008 -421593475
1 483 539040876
1 348 -432909644
2 495 752
2 25 7
2 242 941
1 472 623877749
1 362 447623319
2 982 669
1 382 204861902
2 680 681
1 1502 439965943
1 1791 151158034
1 1746 -889969020
1 334 724130013
1 463 -318204385
2 197 625
1 54 661250923
2 328 350
2 438 387
1 174 -984305669
1 1997 350111666
2 592 785
1 1505 535798594
1 1396 -142901880
1 596 614065581
1 69 -1638447
1 1911 -720345063
1 207 -587377069
2 228 970
1 1376 -291352041
1 436 -139015719
1 120 470461776
2 613 998
2 775 548
1 1788 864284939
1 927 176111600
2 322 272
1 1616 905764153
2 395 613
2 438 871
2 562 506
2 454 642
2 289 600
1 1129 208368006
1 721 420828207
2 754 281
2 297 205
1 904 210533257
1 921 -644851405
1 1154 -391879917
1 1525 51944951
1 1782 286311996
1 1173 -114473805
1 956 272084137
1 1914 -738095499
1 1856 801733678
2 546 806
1 240 344503053
2 813 483
2 83 167
2 682 685
1 1546 852974883
2 766 436
2 788 132
2 949 967
2 85 361
1 186 756939225
2 207 488
1 577 -909651977
1 873 678710935
1 1741 569639639
2 940 363
2 5 351
2 86 150
1 1400 636311528
1 1530 -684412442
2 226 259
2 694 937
2 498 660
2 808 459
2 107 651
1 342 431693620
1 1171 -901902143
1 1550 648583355
2 986 120
2 683 305
2 594 473
1 1599 486700087
2 202 139
1 1247 -147750869
1 869 466818627
1 1060 491141017
2 581 44
1 1378 429137511
2 899 522
1 1221 -582138248
2 338 342
2 672 459
2 191 172
2 273 288
1 1793 907902565
1 690 -990272245
2 394 83
1 1537 -169364500
1 1067 -335973496
2 464 902
2 32 468
1 1008 -606602452
1 1033 -584339592
2 48 743
1 1028 -37824229
1 1580 662724029
1 935 731973700
1 399 -128614419
1 669 -302226100
2 68 421
1 709 674436842
1 1294 232620940
1 424 -32798423
2 273 912
1 462 -15861852
1 813 -862177488
1 737 -519596850
1 495 -818593837
1 1537 328099951
1 1586 161153663
1 1814 976997558
2 871 297
2 912 220
2 849 470
1 1320 -625665937
2 418 250
2 703 510
1 1728 -205800286
1 755 -412544821
1 1287 220419444
1 1191 -182325912
2 701 703
1 479 379549005
1 818 -599004426
2 32 591
1 398 575506414
1 745 208484105
1 1536 522016763
2 450 177
2 516 761
1 484 8857280
1 45 556788953
1 738 -236723053
2 430 99
1 1017 580670003
1 1997 -782083363
1 345 -443763399
1 652 -216155045
2 924 546
2 392 563
1 379 -941490630
2 609 682
1 1334 209122647
1 443 370256078
2 221 411
2 84 267
1 1927 557168399
1 502 820321554
1 823 838958014
1 437 -135926637
1 157 561129423
2 575 541
2 401 763
2 759 419
2 103 506
1 1809 417819448
2 123 359
2 287 307
2 430 975
2 884 673
1 1354 737467501
1 662 -968856579
2 697 78
1 1137 299543935
2 130 853
1 118 -327210892
1 1782 762730863
2 363 818
1 1676 -82891839
1 1759 377012674
2 588 109
1 161 189463182
1 731 -429347878
2 660 890
2 519 827
1 898 -321728812
1 1831 585007720
1 64 220217595
2 655 473
2 216 25
2 791 920
1 158 -620790536
1 155 -339757721
2 504 34
2 360 982
2 770 16
2 46 551
1 87 16046552
2 66 277
2 279 812
1 1482 -238503100
1 916 909001276
1 978 779647230
2 616 937
2 431 829
2 297 735
2 315 253
1 289 -45221949
1 1920 753186198
2 134 986
2 470 943
2 436 914
1 785 -158281122
1 307 -638900406
2 764 611
1 879 -500705764
2 876 270
2 812 388
2 959 85
1 459 503899438
2 903 29
1 390 848537966
1 656 4559713
1 897 382642365
2 190 809
2 276 788
2 863 762
2 705 257
1 135 264876391
2 647 294
2 3 910
2 183 856
1 417 407786006
2 128 650
1 858 53875555
2 767 400
2 419 41
2 642 745
2 121 936
1 652 -990423393
2 69 217
1 1982 357067525
2 70 213
2 719 958
1 96 -137004239
2 884 100
2 871 995
2 627 693
2 493 563
2 368 524
2 335 176
1 889 777008940
2 335 638
2 918 521
2 975 556
1 753 -347907926
2 157 405
2 739 153
2 755 204
1 1475 814434996
2 952 877
1 1732 -415823460
1 615 827635240
2 906 255
2 63 172
1 1385 -153558229
2 6 510
2 26 332
1 1524 284265347
2 739 607
2 963 295
2 592 338
1 1450 731844596
1 317 -34892188
2 256 166
2 231 459
2 724 69
2 403 800
1 839 -66841542
1 265 341629896
1 994 587010953
1 295 813524925
2 669 238
2 707 626
2 98 646
2 876 84
1 1378 -578579579
2 44 619
1 1730 -302881144
1 1044 -61803259
1 762 280126236
1 613 596920235
2 36 715
1 628 -183270682
1 277 822979745
1 503 588084857
2 632 812
2 806 720
2 592 729
1 1681 38767645
1 478 -845986501
2 666 601
2 147 961
2 252 342
2 210 57
2 839 778
1 891 -817680574
1 1942 -249005836
1 1013 -627919155
1 1688 550902191
2 40 876
2 90 742
1 1196 872014557
2 690 97
1 1902 702430736
1 68 -552136452
2 896 833
1 208 -851178332
1 1623 75545096
1 1324 -686300496
1 268 -949205853
2 648 965
1 459 172746384
2 293 896
2 168 710
1 1570 107613970
1 1129 -467347283
1 1549 186203123
2 62 27
2 802 446
2 222 332
2 474 974
2 216 108
1 826 -550474549
1 1278 -765806202
1 1303 -278185515
1 1195 -151211794
2 565 947
1 201 113600668
1 413 -899539516
2 215 969
2 354 650
2 425 403
1 1009 650360536
1 1940 681146315
2 320 756
1 1816 -506273315
2 322 718
2 793 360
2 86 474
1 1383 444138440
2 640 472
1 831 -664174229
1 302 624444761
1 944 425326848
2 521 928
1 672 -147407642
1 1748 -802652980
1 1549 719731409
2 310 418
2 626 803
1 1660 -133793867
2 263 6
1 1284 -191162027
