2000 2000 2000
1968 1092 403183799
1309 30 318688210
1839 1250 839013381
379 1436 -722505441
775 541 -159015295
1045 1308 702229706
661 906 736931635
1020 1318 -229926274
675 470 573930452
493 277 470822504
435 1014 -482753209
1843 1369 679995041
1458 1492 502850171
484 436 999293748
729 1284 340336314
286 519 645866246
1349 517 114173116
1390 116 -317711038
463 1053 89890715
1991 1350 -453309478
1356 1782 142949104
1703 1188 5743025
1998 1645 469354760
665 762 -35035518
1839 462 -849027415
1713 1925 435451902
1892 250 -491247870
1046 625 -930692404
129 6 -659955782
1610 679 -115100656
327 158 728287320
268 53 983792564
117 949 -919644636
1056 811 -821988274
1987 1012 936217439
112 1954 26412779
1231 540 -657799614
1643 1751 -592234692
382 1350 -974299596
1060 344 917185493
1283 1720 580374629
179 592 -483147146
800 605 314989458
1737 57 237440096
915 496 -632365960
639 1471 835965642
136 432 468273654
692 1376 -925860179
262 811 -766484634
311 1479 -771325513
615 1329 329805561
1043 1845 115480045
567 1444 408954939
334 805 694390571
1215 1563 -55618259
1367 957 -417391199
867 1880 804522924
218 857 -616428211
1401 287 457598581
337 1902 -632796104
1567 1862 562844169
951 1216 -424885401
1795 883 530330467
1545 1235 -420566745
1607 1782 -802867732
1569 950 491290355
435 1204 -735192183
331 934 -928508190
1333 1028 -600806904
1802 1827 -314086025
1171 904 47336865
220 310 844105304
1558 1591 36500965
1142 993 182447031
1770 1581 -383485845
750 1330 -438100641
1186 1913 428121973
693 1018 279926557
349 1276 -674758573
515 487 -573078517
166 733 334281620
1339 658 521543526
523 1299 603465215
486 1854 -594243290
917 399 -375702132
21 676 14399811
1474 433 273260364
1571 530 -664482398
1734 1235 -485166258
844 332 333511612
304 1001 -290750483
1293 1129 -315691454
1901 800 -351157530
1406 1180 850279584
1107 528 22756423
1000 1268 978175494
1466 477 181455475
411 1582 -978917227
691 1258 110521298
517 568 30568228
880 1089 -520875302
1095 1173 478915109
1468 776 -33609849
1099 1332 -268911177
1987 1839 195787555
319 812 -173433512
1953 1318 356413767
990 1996 -540380597
504 1871 -833251119
703 1390 635108003
399 1058 -181350081
481 1126 -630234927
1021 1637 546312731
340 29 -605488391
1325 727 531767135
1435 1446 -382446432
1893 1046 -994980503
1186 1996 313879887
588 1974 596533358
1590 1640 712618365
352 1199 119471962
556 1416 890034097
1663 1325 131280492
794 674 -872389481
1072 355 109051273
1807 57 -143373239
11 1831 845742109
1222 1552 5823430
1871 652 658288238
1339 445 676659993
1740 424 269357625
1364 499 151243579
1882 247 534824216
1994 1214 706843893
277 185 70106415
1208 1779 -939735794
1088 189 -109142809
1680 1851 -75310723
1149 1781 -455893537
1140 1232 -570209158
1356 1713 839915478
309 489 896590023
772 1780 26702677
1394 353 -282565525
1722 1442 -632524390
219 1234 83350784
1224 863 770579433
1208 860 -357693554
73 298 -846718665
354 1596 -352614246
729 1733 875690505
1443 1947 -714432936
127 1082 -142240985
368 1229 820058687
276 219 661589943
1792 173 347936006
1051 610 761354464
894 1222 497103658
591 322 -534245841
1389 188 -839595170
78 1201 -848020440
1707 1561 141432532
388 200 842969261
533 94 667267530
418 1686 969448619
794 893 -831550485
1114 936 780914035
1629 254 -394530415
34 1323 -246481384
1048 131 -368407645
789 1888 -339124483
1509 195 -101359896
1082 1121 244278637
895 439 856210245
379 402 635474567
1128 379 197081299
1259 1978 -30152249
1066 114 -412848419
571 1329 -676000297
828 510 430834034
495 215 868855266
1212 1686 -837046786
1769 127 443502448
1189 1605 936712389
1823 74 864523214
1355 1947 -655640915
945 1504 -187758309
1471 799 -903485175
781 1244 -592844060
643 1947 -795337178
799 1225 -395023704
1767 1208 211858220
83 1627 -442039124
669 828 -754293549
1820 754 -847503169
1312 758 -857290706
531 824 969582500
547 214 -717415459
1696 959 882749557
212 175 289768408
1188 1291 -477164060
1988 892 -507837564
724 1308 715224420
361 870 67606123
1661 1930 -30493259
951 802 773502135
1904 1274 544513972
749 1601 -504977073
1365 1809 531225127
73 422 858782130
562 1230 -857971028
1784 490 860039081
458 1067 702880514
497 335 844608901
293 1931 -792775977
858 274 -774345174
1895 1676 216578065
310 853 -90633529
1014 1032 -376016617
1667 1929 613377960
586 138 -969170335
82 984 -930084582
836 675 -766255957
1592 1514 854164347
1816 1901 -62955095
1052 1297 120621589
642 146 -772965248
1727 858 994656990
1752 84 743088475
1426 1317 112492619
1857 1356 208965794
1348 1598 1866287
1985 1148 459711858
15 1059 992261393
1913 1800 -820777430
1515 708 849330068
844 1886 -753774091
988 920 -210033988
1094 1339 -426559172
1920 746 282368184
572 1229 -928903886
412 1414 -317443507
1496 986 781122624
667 1030 -170370361
1696 270 939018515
723 315 -424177345
624 1210 207998335
574 1415 -751309532
769 1944 -737308792
1424 387 -3606129
614 1050 -157598749
388 1601 -370543289
508 464 495018263
514 1071 -887658981
117 748 189151317
888 177 257365718
1240 1521 -711377629
1830 1874 732704897
1922 1525 -267667502
1961 1563 -571140998
1017 1234 627570158
85 1672 573073867
668 619 -476457659
1452 1896 -392332209
1474 946 -139370878
156 446 626074298
1504 1476 -514284325
1237 148 -207423869
1844 1537 912226788
1476 705 -818978077
1621 1832 517241423
684 1518 -376841875
1409 881 582165875
973 107 598907925
99 1452 -567522149
1585 1052 622329291
130 1328 420767815
151 1712 -797657262
839 1933 -263939097
177 1387 1698963
1895 1869 218910687
1284 682 136578894
1892 721 351786058
298 1096 -372991888
1966 577 -882295366
1032 631 -342465373
1151 1541 528663570
1608 569 -631621651
565 40 -985581264
827 1870 -932787665
616 1717 -483456751
265 1963 493844102
1683 233 817753080
469 1440 425083263
1693 365 281147975
1611 1375 -765463
1013 909 783876477
299 934 74128765
1085 1570 -282644029
254 1220 397312084
316 160 -951559843
842 1182 355316311
1948 789 640461150
891 1170 -32530757
369 1519 -960700188
726 1724 883003026
1834 355 637790125
1859 588 27388035
1548 332 -778437509
1468 1719 398788391
1470 987 -156162508
336 772 -186365353
485 1330 -621990105
1502 415 -102367902
126 1498 339911654
896 783 -592334793
1380 318 676199390
882 1351 145054620
1061 1542 -232688624
1315 907 -793219260
266 713 919935319
557 228 17349004
1754 121 -249043337
26 773 473864097
1103 477 292955113
683 1498 654486251
305 1144 764773806
535 607 -376228019
443 26 -867403945
295 1259 -232062097
256 1260 -655626509
51 1555 414254845
1084 1573 23109649
1005 1119 849938116
1008 310 268261295
929 1222 -863587587
1035 277 -34312449
1070 1683 876554005
1703 983 -490745217
733 1087 613277251
1443 1681 920276288
358 487 -141169990
222 1707 432988963
1512 441 -170679052
1201 1456 83606663
185 825 -913936233
1474 1753 108133625
823 1740 -523620777
1198 1115 -538005154
503 1005 -463469521
655 522 -626565214
1965 1082 -996310785
410 946 541080651
1053 283 140893110
1168 390 197550294
627 233 -759754836
1179 1019 485638663
1855 1637 -194642268
491 1561 648752620
247 400 -763635621
1822 971 729813017
843 1129 -848543033
833 649 -867433764
1846 585 738322615
1138 237 -428454956
420 1464 -582572554
1496 157 -161597721
777 1021 345192599
1417 807 108444107
1890 691 398496704
940 1757 466482959
570 1939 757248403
1640 1023 570047428
356 942 -191887995
1567 528 893835646
9 1473 372167805
1919 1989 -612652298
1963 1397 -512423129
824 1386 -263945099
124 581 -278484319
21 1015 -159306604
1026 110 -928545030
1137 662 -769530257
1644 950 -434701423
256 940 852987145
1384 1916 445298911
435 595 -387429168
990 529 -391801695
1329 35 337300880
1227 1116 -9616689
1658 270 -580447315
963 425 10725792
245 1644 7669126
146 725 612897386
1797 1050 935008827
1374 683 -447139935
649 1937 810630537
332 1277 564364934
1087 1648 448380590
1270 969 652856238
1207 1590 409633991
1608 1041 -631877010
1589 598 -520529414
354 822 -927523819
233 712 -217055409
1352 1508 207313207
94 1999 963779201
1565 1821 -402346895
1115 603 226129624
1404 1991 30033476
1135 659 -613004011
1962 3 114875045
1262 1487 -790944355
208 724 -272041841
91 409 -405101432
1842 66 615794856
1116 1716 -359839950
1335 89 619983738
526 809 -809081626
446 347 -178771466
1191 922 -165753747
1519 443 973317114
1087 1468 321221717
459 270 -936396905
1960 955 -608111393
1385 916 134115570
655 717 -535045155
1068 710 645080454
513 1929 783346336
855 871 -272381853
1176 825 -955614525
954 390 936223063
381 685 -747650685
440 1149 -892205149
210 407 -410841029
1795 1857 -709701076
1305 711 671464927
1592 1052 -845501749
778 746 -967572866
1291 1561 -723065053
981 623 847116359
919 1267 -424381411
494 369 -186436999
1481 1416 194185701
1243 1779 -65000954
794 982 -668115361
1681 1193 -949048006
291 594 490863052
1320 498 194773270
714 1127 -289605464
323 103 -242922660
1493 1509 239154493
306 821 831776566
325 54 -153980555
618 1118 474680527
74 1764 533542235
553 1779 -105254542
1603 1667 -281376954
1799 749 539591194
1335 350 485159674
1780 1929 790774893
123 612 122773357
867 1712 788420390
1530 553 891140323
1627 638 -183422717
730 865 -30793236
689 960 -58156673
527 192 -388660932
565 739 -504357438
751 925 877099483
126 679 13019679
1405 1036 -299287029
243 1532 -374267011
1098 1491 273079934
1009 1374 147205757
821 1494 -797157621
827 1273 -123193770
580 723 896147310
101 1464 -265009465
337 1461 579324402
453 1376 314945263
1873 386 -131827847
1336 641 -535595749
1364 468 52206974
1964 455 607172601
1446 1263 -184774429
979 1910 607687649
415 1113 -115669546
1555 1905 806058325
1968 1791 751752566
162 1578 -105043709
1049 1048 -271615055
25 1122 624780502
1008 904 913327736
431 891 -86195145
419 1785 -937448724
1615 1141 589714171
792 1585 -647850808
149 443 66456198
989 227 242293495
793 1824 169316454
1576 1054 -650037976
616 741 81228912
1195 397 811946839
75 1656 -888263683
638 1648 -15759630
213 371 228256831
1941 1855 -835668382
1151 158 -671370510
1671 1181 -223703001
297 775 264582787
1298 415 43530433
297 896 -901570335
1354 1857 364617977
1326 846 -227035413
1877 957 24994889
1713 1824 -522155747
513 1022 875350501
387 677 -714640833
1270 1218 438021234
1066 767 -963121533
947 1396 -419836868
935 646 530439232
1419 907 -654801087
1569 89 -181854334
1850 1617 -878920289
1387 137 661137872
1832 1645 -823847047
1397 371 515904889
1108 463 265706036
1021 1393 321538336
843 315 -791524666
873 1459 523006892
1875 1685 66767565
1646 1362 452694274
831 1348 -986303575
421 42 -647836615
1305 364 -500392971
1521 618 -641305111
1510 1239 -969881221
1550 1432 764713073
439 1032 394085215
1220 1582 74988461
619 837 -106400944
1726 403 672084328
1335 248 486062512
1278 977 650290939
1285 1725 -93537050
1141 1235 897620184
431 55 894878028
1873 105 -589817032
684 1797 -654390607
1714 1279 978069472
1571 371 739677534
1859 1850 634049940
1899 1967 -929047372
422 1637 593821469
818 185 512885970
403 25 943354034
1326 817 -510851000
1852 789 801320325
996 1411 941867496
302 953 -67062458
255 1696 -355443373
1850 1324 467781098
493 729 -186081915
1333 184 765707793
228 1262 806986020
1555 537 843217773
38 1384 -57391629
342 155 -875512931
365 1143 277163292
293 31 99142686
720 48 38683468
1372 399 671641842
473 265 -72332457
1039 856 -439706940
1212 800 152295927
1012 1049 433004056
490 1369 774221912
42 445 221517416
1388 676 274108775
960 404 627580706
1318 1456 358924718
1070 356 275432238
1384 55 -277298356
948 1939 461427933
1632 1047 180696908
1804 232 883733673
659 1454 -723712197
1816 984 945177953
781 275 -142391003
1394 891 -611292941
937 1900 234744863
1373 851 318223326
1858 1000 554121142
829 1586 -842223852
261 1854 13692386
726 942 963925475
1171 1125 -122204239
1326 137 -525340069
1785 1981 -369209388
144 1505 529221124
632 718 -820715070
657 572 704270860
452 1988 -294221486
1434 794 -965103234
1259 71 138019123
1600 262 396534520
748 210 883188509
215 1000 -132333573
1914 714 297848978
804 24 838173651
969 542 -528517519
305 133 241819573
1926 1456 -333965746
1060 6 546501158
1283 1214 -439557776
1570 1753 -102348900
67 1194 217703512
1455 1756 -159746297
1131 626 373130640
96 1173 -763896664
195 396 771063735
1425 308 -494325826
489 1645 902573814
449 1809 462192783
1867 1653 -693188932
753 343 -774885596
1477 224 -476904725
1322 898 -10204186
1295 1402 -5082836
365 1558 915410252
1853 1021 -455842926
108 986 583714290
1819 1690 967765868
1919 764 -227026642
1680 1941 -582092208
120 1638 777609289
23 1584 -947461290
1258 755 963539531
1343 14 196340985
609 354 163428938
12 857 493213822
123 926 -401940430
612 996 -762438293
1010 1436 619281571
473 793 -826522507
1400 1426 -332554979
1672 1945 361054547
108 757 -1394268
959 59 -672471768
1764 1487 241142235
724 1759 -73640922
1203 1425 -86114658
130 1723 -718605945
27 253 50499624
243 1097 -500309185
48 1221 101995649
1892 1805 -325491336
1836 1970 807178028
150 755 -272905293
1849 339 -242650803
1581 1626 197104742
1370 1864 155070692
1574 520 330896192
1172 298 945129596
1094 468 -583473213
512 119 -300736190
1852 1328 -482557160
1184 419 480430072
878 890 683154216
692 1010 -167938140
135 1169 117639561
1175 362 -917306345
947 201 -147089528
548 594 -577073038
1441 910 -477845787
349 927 401595928
123 1621 168803345
1648 1641 -383471539
1585 1404 907947985
729 1963 -141871279
1601 1434 -600632787
1660 79 895968963
309 40 -178435859
1181 780 192384170
1081 104 201309783
961 103 462724941
8 316 949239389
775 98 336099808
1161 1021 -865604408
1731 1927 -267464784
1764 1501 -122666952
1397 463 -287909576
1829 1874 -332736624
234 107 390750394
621 1436 -703870423
222 5 -185132597
583 1011 -536407356
1032 962 752685273
1310 372 -931604150
1175 1209 -766393427
933 1761 -698909248
838 914 -556826776
825 49 -899745508
1189 967 -970759941
337 151 54558488
1951 578 351362712
1095 1881 -887827583
147 961 354807484
205 1530 420885050
1355 969 742306541
1271 844 -502710970
1078 938 570611969
90 1745 -167182231
1471 1966 -858829154
1605 1183 308325084
1976 1098 -326987152
720 1481 883633753
6 662 -677005341
935 873 221561168
1778 849 -69602700
92 1234 -424890025
1821 1217 -66356762
858 1310 54789059
1366 329 -475682748
1599 1919 -996184877
701 433 -550369378
297 75 182063022
1072 201 -383301143
1944 332 -699831325
1299 379 -897230199
1985 1733 -917548181
9 1337 542686611
1027 985 -179531342
432 1757 31186786
604 1198 883229499
938 68 -430618789
595 75 -177967509
677 1975 -750261473
1181 511 891048705
1419 491 -76927310
1655 1691 501186336
1057 757 -448472776
927 55 441102595
723 669 -627165937
718 756 72127904
491 1531 656064163
777 1640 -66911521
923 98 -800199555
819 795 691311534
403 846 -959969786
1627 306 123112873
912 270 915633489
960 303 -948169712
57 95 -369850478
500 304 -577790910
994 1219 976642285
599 1470 -896259110
92 1834 -136714941
1717 925 -650301925
968 711 152606001
1239 1141 782677193
944 1236 -784438842
1738 137 153265663
280 1765 360763885
441 1309 -983119543
14 260 -442158826
1193 797 -758485030
1622 1217 974098879
691 956 -870365803
884 1593 -49743211
969 633 -587015802
716 1017 894276910
351 30 -761168916
1736 923 -562719661
632 182 2682061
808 740 345143486
1801 434 -688244783
937 1230 -249154033
1157 919 -902153384
207 321 -308465518
1835 814 -934559233
1220 1190 130424129
1261 56 467049845
1068 338 -318821869
1744 337 -299550844
1971 962 -309528279
524 733 -267661638
133 1708 985956728
1504 161 630469764
891 751 656345263
1164 1938 -11232976
1304 1490 282230526
820 1756 843758126
821 115 694048369
1936 1037 -179981395
1430 709 -797850836
393 148 332385204
1740 1104 451393835
1180 1895 358520742
592 254 132613233
583 702 -2894431
1736 1875 -123836272
813 337 853543382
1976 1136 865812282
900 861 287363343
603 1595 182065566
1963 1263 -896687812
1457 324 857541237
1929 1269 -74901664
369 358 620319712
1679 446 365298459
597 581 -78525634
312 1682 12311409
199 1748 -602209301
358 1703 398862590
998 1654 530184261
1510 1022 484541084
922 741 -209565173
870 667 818257017
1761 1102 904756399
75 881 690245105
1638 1937 778907195
294 600 552416399
1396 214 30034914
87 106 -824286624
585 1641 809108595
23 1166 -423346991
628 1756 -158999537
1119 829 255886375
1871 1149 196056981
1587 640 -471107389
165 308 -289376894
1235 1871 -915250826
1219 1556 -759226139
1572 1112 580274376
33 1657 730151323
1926 329 364434706
763 1517 938291100
224 1163 -159659466
1194 1994 2683823
1021 1632 424463995
839 1555 -950540994
1241 1410 -285349563
588 1345 205039679
428 408 -727138258
824 960 107854014
164 1280 788782904
1006 585 66042849
1813 1708 106730838
1795 1002 -60290017
257 1422 152155076
791 1692 -104935183
306 437 -548087353
1545 872 -751204796
474 782 -793163331
22 75 -638966843
764 1969 -921211883
559 963 693426868
658 138 891804509
621 995 201244571
1455 1057 103445713
800 1146 -769543041
64 208 -713826014
853 149 386803713
816 169 -34256856
1380 439 64049461
315 1162 -73602383
1562 1384 709068018
825 679 890566077
443 171 749731237
146 1611 790511416
672 654 612103637
1887 876 -640082093
570 863 -410367546
191 1956 601485415
1257 417 893991616
1803 834 -787539041
1134 1000 763614866
1741 1590 317348695
950 1179 515959809
1616 1175 66755469
1619 1818 -407350373
1137 551 -550842716
937 690 -814697074
810 417 -942939894
1659 1277 -347207220
964 285 415833472
1370 228 826419104
837 1550 761248260
1368 322 -537387584
637 1928 -485826709
688 940 -193220680
157 614 -937469894
414 116 146509066
660 581 -907251731
473 637 142160487
352 1188 -232516555
1360 1990 957946506
1491 1883 637931883
459 25 -556805789
1794 548 -721725324
988 536 101566707
1234 53 -926582942
1639 1037 867022537
944 1442 217569134
1425 903 837507449
950 87 -731975948
220 1247 138304919
669 1915 -385289674
531 969 332293827
1055 1423 -371354522
663 1338 -755758010
368 1049 671541881
1949 1803 -369205790
322 1967 780061522
1433 1571 986160656
935 1067 -358961125
1837 596 -9853309
1822 1636 927627429
493 1803 -450843414
1773 469 -711419505
1176 1375 262092128
1138 540 877419662
302 1983 -825069646
1317 1310 63231596
358 255 535922784
1137 766 -46187417
878 1195 248389706
1940 281 -981018728
1770 1252 -802310068
752 1740 604209046
577 427 128693168
1465 1084 -262897581
447 1773 127016727
574 823 30519601
1884 1029 298034022
1723 447 844809878
765 1241 -497663343
1294 728 -514574543
673 25 -505442869
1393 530 -175153436
1532 1261 739232583
1234 7 382747285
1258 860 63961246
962 1416 -736104748
584 1531 314126944
1962 1045 545078579
522 1964 539684275
1976 148 -626855612
351 636 -294868522
1415 157 136268972
407 418 825905607
1471 492 701401228
7 392 -270671508
1663 1109 117161582
368 1833 -961668834
1804 309 -67200566
1288 605 -802065527
1436 1481 948245735
1617 1167 -593953796
976 204 100243720
139 477 -402251531
1804 1970 -525475610
1542 1549 -971806136
749 1105 634569236
74 1244 442529712
35 1515 470310785
302 1487 -104252751
649 1154 -506644355
612 256 -16340048
1388 1037 -700144122
344 1393 -515441853
1369 1079 424087472
910 535 170428992
927 530 211103568
1916 600 -781379685
1398 174 760923205
1684 1606 643172487
1260 380 698253596
1868 1823 205766926
415 1515 777837557
1632 890 -546650633
1270 57 -56335417
1015 688 -433437590
1468 321 -134260116
1126 1443 712241205
1840 527 4603825
1688 1443 990754821
641 1896 727597576
1026 96 -357114656
830 696 -365384903
810 1397 -943196837
1313 495 764862401
502 710 -453899994
1486 901 299192545
1916 710 -702973311
1417 1524 147504033
232 315 -436154463
1222 642 -59688068
499 1087 -143246167
603 491 608680388
1556 697 534398656
294 509 -741850406
115 769 586829192
1801 1548 545604301
986 434 990495315
860 1427 589009399
1326 191 -828169131
712 195 101059699
503 838 639643837
254 1770 -915430533
1744 1938 41563983
1487 221 -338139287
1596 1191 402809903
1955 1416 685411375
1931 1196 271390193
282 1250 -987644705
946 1910 866877585
287 512 -107636422
1534 1656 -467203787
1778 1406 646715803
130 1314 681279178
1428 1219 -166916298
621 506 405463886
1329 761 -319133032
942 809 -532699697
1578 1281 887304666
1216 1088 982417193
515 1315 620684244
985 1323 155162832
1736 1368 219488442
687 1531 -812176427
400 520 -817552559
737 1417 19119929
1310 1799 -591262233
533 1653 201252046
412 1823 -907945277
1515 416 769017508
1324 563 -367690852
1728 38 824438377
1929 461 772150875
1695 701 347464565
1211 814 -894005843
33 1895 162229290
1043 1051 484577771
1190 685 -902383619
88 832 634474340
1246 1585 614182760
630 900 724761535
761 500 741383397
1291 1250 903526482
293 1118 -441769942
597 1845 -957412323
381 1066 992880386
369 1530 -547166054
1832 1978 134456173
979 1387 375376273
1251 1713 538900348
931 1236 -571326624
1233 1299 571346824
1389 1824 776924864
1659 1740 -780038614
1937 951 -366948516
1284 1489 69051683
809 1902 524285714
629 257 632756491
330 1075 601386407
603 1123 -647721899
985 593 481028719
823 879 576588649
1532 1949 -916761751
1928 1443 -534439419
1976 1824 -522603149
1523 1488 -735938422
1549 1422 382837351
1759 191 -952964
390 1123 116440911
257 1490 163361428
146 1700 -71774439
1813 1188 -103859855
113 545 -758222311
1017 585 122963733
1563 1205 -101188476
372 1240 -892425067
474 1213 -348288149
1030 1506 -219822723
1695 495 -675175753
1039 361 218780018
1691 554 465469753
823 1968 985365138
1650 323 -650060527
61 260 908141156
790 1305 757574869
1267 160 969882903
1231 1505 335477790
1486 378 641005035
518 1696 -950539695
1037 949 -705789030
494 996 -29255720
42 1351 498197927
1594 1549 357267594
491 1796 978760588
1556 907 460032567
5 1601 -952485291
1757 286 277635854
1571 231 486843328
1846 1845 140786204
908 1843 467049259
1564 1320 -634680490
1873 486 -36638742
1042 255 446550804
377 1484 607903770
1534 1329 77524562
937 362 803201006
24 1124 282264100
853 225 135887118
641 1663 268988405
630 1217 929540129
531 1436 -287722132
1828 651 575210252
1566 476 70017509
806 1068 87806961
882 434 810120734
773 1498 -373136837
1251 9 -102334816
1595 472 477667217
1738 561 -98636433
1108 1164 143558031
268 888 -800384481
758 598 130890676
623 940 406536565
506 1345 45873870
7 334 -806457059
183 1140 -472787089
1384 806 -814668396
789 308 864623253
1202 190 -369144024
7 932 743788772
145 705 -497451344
71 1132 876097551
692 586 -601614034
952 538 933006246
808 1201 3018060
1655 1125 -170815491
1596 1475 -636289533
538 518 68302110
104 1584 -293850506
178 1385 -861204081
1131 902 186809631
1964 1902 -814520205
180 1812 823342273
1214 1500 974570492
1777 597 417476382
240 833 328344203
1467 1731 -26764209
686 1574 -604876059
1780 1342 -15306321
1466 646 525206123
980 427 889357805
791 1050 -89264322
1638 1464 800369747
526 613 981566859
1327 995 -281931113
66 1991 336576039
933 1251 -453422590
314 770 -346024340
1681 356 -316900576
319 1058 -901057139
1981 16 394294841
886 1294 -680224584
588 421 -658673621
298 1690 -737973518
278 1027 -810883568
1982 115 162218
509 582 699651782
1581 1963 -64777721
66 781 -854369558
636 546 835523804
111 1285 617599959
209 1770 -397184762
657 978 272805163
844 36 996639785
483 895 -140559023
1499 201 -207334660
1206 476 -229868412
1844 1764 -324520600
1818 433 277069857
239 617 878419691
1649 1658 440530437
1363 644 658018162
384 540 753140184
1511 1194 184274282
1507 1886 535798494
571 953 862772728
1725 855 84652757
1370 1389 -279230609
180 1370 -730344351
152 32 -243490074
501 1713 -750841857
1194 1557 -31661701
1325 1405 -197772935
268 1003 4230467
781 1487 406269275
746 409 -731721114
1455 1497 -964224931
1311 1891 -201981603
1544 308 -20752464
1756 712 180744201
1676 132 -378956518
184 1119 -890140236
552 1735 -766448534
193 1831 229293235
522 1474 164875855
1526 1063 946787729
1901 1979 -270728175
521 351 815653417
33 615 -745529642
340 1345 570747390
1156 476 301346814
29 1799 -155741000
1995 592 769228212
135 1317 -341308591
493 1980 838694449
364 935 -353524077
660 1961 593986707
810 198 338781640
1457 1656 -940025995
1784 697 275844386
1834 262 13749962
838 353 -732996229
1662 1240 27608979
640 1168 -939046281
467 1369 -885886227
1127 980 -698566637
1244 235 579239698
870 1588 332300060
1867 207 493521604
1742 777 981515493
1720 529 -973222237
1639 555 -745125930
1367 851 410815822
930 1565 -681155568
233 1154 794458175
1035 1957 -938147447
1707 439 -64505259
1617 1409 -743081463
1034 1079 213714013
1362 1622 299163663
1465 1332 781064994
904 1789 -272222144
1745 1693 549772053
244 1860 34926357
527 397 17300133
1210 1469 -390031798
1063 370 744209965
1357 1405 690421933
802 928 656184754
1574 1014 736290681
415 1180 -602963666
705 1156 -315130256
1494 28 159870564
232 1190 -989193651
811 591 800432744
580 589 -652825488
341 1237 -562315748
1896 1145 -815183868
1441 1194 893222738
1018 457 -624625918
536 1822 -310152589
609 1385 449100452
1736 57 -787931509
1265 1012 162872817
1280 1404 -716218282
538 635 723335552
1425 86 -499508538
1334 972 692678750
760 1861 -600775032
357 1125 454341156
1789 1197 737039422
782 1949 272198019
1461 17 -800654966
939 1739 -257975002
941 66 -208472015
304 728 -946036540
93 1199 314957634
509 287 -9424468
1490 1537 167558011
846 1245 -339537999
1937 1688 503453917
1635 976 976711597
186 621 -966573204
514 1032 -304040700
872 1124 367989229
1793 1564 227113042
666 987 -74389698
438 1940 863253011
52 1291 -217319319
540 875 538820637
244 287 -88852699
1974 1288 419975452
708 1463 -280118180
371 1314 271040854
446 708 -738983284
399 498 -303291529
19 1121 -721111790
85 962 -268068342
1969 1167 126465591
357 1545 476022584
499 1210 -960545021
1678 448 929256801
566 1948 597892580
812 407 606150909
1374 1613 377819266
149 2000 -150360530
1674 617 -902381061
1832 1541 260809734
1140 1658 828770761
1270 1268 773675546
824 1368 98249232
220 1004 -779138575
564 1888 806033850
1263 440 -614531820
626 1301 38005472
637 1543 696470329
1920 1011 729495168
831 1167 183240676
1459 1111 55874658
1573 1823 578277613
1920 1970 -175557644
1912 1915 964129081
1864 620 345312723
185 1301 631972522
1559 1471 5001034
1548 1368 -960823222
1826 1348 -473888867
1314 82 229976248
239 119 482675666
409 1457 835806383
1603 1147 -250570919
561 1496 -812735975
1894 736 36068545
1665 1236 996052336
849 1357 140709567
1069 1662 144063422
1370 1565 -152499900
1218 345 -279352089
1988 1025 -592635394
1500 1109 254637203
144 1631 -596449636
1369 1110 -677303881
1138 754 -611427009
323 66 291873977
1725 1702 -967000974
61 1709 294853193
889 1212 151504137
1984 936 672315866
1620 264 -737040124
989 1355 676596423
293 298 -971888961
1336 1176 549832956
1203 1287 -722643490
1205 1315 -794756089
960 181 -56633491
366 1921 161663035
1567 543 -10231225
1945 748 75302659
1588 785 754218467
1948 1441 812100122
1235 1974 -167765463
223 970 616155966
436 1978 -310722447
175 1261 -787110455
364 126 -562606121
1419 530 325976319
310 1935 670876373
1957 1236 37266230
782 1279 -359325498
1869 566 883457310
1931 248 -819312315
442 17 169729885
249 287 -394718296
1140 663 -410535391
50 942 -132544755
556 1472 -807636186
1599 503 349923577
981 122 -835050566
480 646 -408220691
1729 967 -735647820
1500 1909 375946915
1706 1194 -951390879
477 1894 -270774935
1696 1482 -671313903
1590 43 -867376829
1078 439 261042956
1434 787 -112791152
75 348 -895143085
1187 978 -359564729
1116 1448 648404934
711 1743 238123892
447 922 637105818
1494 311 -88499542
1003 26 -586399935
7 1650 -958046115
166 993 -452968665
1574 1811 322866362
1190 519 -43131737
704 986 964463348
1836 886 197191060
1694 1351 -859453232
1190 507 -764732541
1731 1906 -640074319
1972 1556 274015450
89 695 993976358
762 1685 737685917
396 267 630200604
1733 1091 -442880671
1968 421 913905643
621 745 889151147
217 1829 -447031598
590 1725 -777000385
874 871 893979424
1846 1442 796563888
852 1245 -263314519
1743 1113 -792867462
594 1381 -117550519
1062 640 225233452
922 837 942517414
642 459 58623420
1028 193 -361597501
662 1540 -41688815
964 1743 838282646
1103 1540 709699681
1623 553 32202250
530 633 -773633400
1805 1147 582479274
1608 1802 865315844
1968 47 863118167
1223 6 431894454
931 1649 -217580781
837 594 -299391811
790 1383 -673653735
1685 1820 462801899
325 1554 -827726565
1013 370 805433199
1348 350 704867126
1360 134 -788752154
557 493 -138182276
1650 834 598595822
924 322 369687926
1620 1782 698051316
1321 1780 736422349
274 1125 831293244
203 328 280157104
1278 1125 -784370226
905 1627 211509310
963 1265 491417012
1206 1915 -153859321
124 1488 750268366
129 1471 -523416121
403 1988 -297431968
1485 839 455397396
1572 502 -665694359
1206 1309 166741865
13 948 -590026527
1258 1124 587184914
1477 936 -524762978
264 901 162820944
280 612 734100308
1013 8 357844649
1078 1138 -425206948
62 125 -761286164
744 665 -797506557
1384 621 454384634
400 1658 -982044598
616 832 -184787443
19 1786 798408377
787 1755 -661562076
257 1073 -500359120
1193 1476 -425799675
782 1947 961111639
1616 441 -684879530
1374 1698 -522265422
1604 1167 -12579132
584 812 -372109003
1220 862 448802521
584 87 269680773
470 104 527386838
1879 1719 -32022427
65 1168 485541263
1059 59 439904448
1888 869 479463444
862 401 -839240286
1356 382 -949896540
1623 1861 957864083
472 1638 796842280
538 1302 3104321
195 155 -462696235
474 309 593018527
293 1176 818186210
307 598 966026436
1702 1420 -459947067
838 1548 -730142075
807 624 469013500
669 1619 505681455
1653 1782 428768025
170 732 -21704136
654 1997 183676287
1353 1088 -500834541
1532 297 624023429
1218 862 -970221833
422 163 479225027
746 115 -487003071
1705 313 818108424
1491 1824 -850120560
289 1266 453005662
505 374 955723661
1333 1569 602411217
1144 1612 -634120307
1114 860 -593330668
1861 743 -936215378
1502 1278 759826019
1606 953 922568420
1624 476 -334510543
1077 1348 539455555
1031 214 160512409
703 1371 455709965
862 918 445879352
1818 207 730379407
826 555 647809036
466 1411 678164431
1438 988 -208609326
222 518 595420689
1932 1071 828459786
1823 1737 549283201
107 1689 674305844
596 1679 -772838922
623 1699 16055658
1697 1333 -621253006
1552 145 -281003082
55 692 11931641
1079 1366 834451985
1003 197 -426467998
1578 1296 -696669233
1368 731 323463612
1974 1453 -426589257
995 607 -126422581
1539 677 142347358
311 1808 437891891
1762 1816 -964726225
1921 445 33237564
139 694 -252299589
664 1509 -924109495
491 590 -178835108
872 915 -724078019
1968 1638 -228627964
1243 1372 -264640665
1089 549 714000842
1102 1399 -146539923
1107 492 -448937602
1856 1352 -215786938
882 483 -615718498
1379 1758 989485002
1538 659 -493513123
669 244 382855176
623 621 6080854
179 213 -817919901
1122 1502 -348241194
126 793 -933226299
914 1467 -411928866
783 198 854331370
346 1393 707424596
1979 1643 303604532
526 380 471629706
1240 1285 -590793751
1909 1503 598908505
534 1758 -543556086
1307 1804 635421660
1198 1083 363270102
716 1825 -863937851
390 1278 -370247242
1048 1736 191796141
111 392 -456187123
605 600 893958939
1480 1353 -567404842
496 736 299545622
1431 1566 223278261
1260 1731 -670828554
814 1140 -687067759
575 1328 11367229
1379 223 -540389761
1877 1801 -31091701
1416 1265 536752574
1819 1713 184481280
1810 476 -871511097
1811 828 631670832
1510 517 462948150
720 347 722285409
1459 450 -723033152
1334 1651 -968459796
1646 1369 847659819
1493 1141 980032704
891 1331 277192304
1937 474 -280820000
747 1312 642725632
1451 232 -579510709
872 1701 -61428574
172 1293 195623012
405 513 757031076
736 254 136836510
1200 424 -333893265
1461 682 -244436884
614 1399 -326404852
1375 1805 191327925
782 108 377441134
904 1096 -24336645
1962 1818 671440397
948 229 -794001866
1955 1584 -199663278
1903 1184 845440278
1378 521 38894986
678 1711 980970729
1592 151 618857624
365 1819 -263970604
1609 1665 -326434653
1090 1919 427715205
741 1871 971690431
711 948 383448255
1266 1100 -943633656
1261 734 857642345
4 516 -741342795
460 519 570746556
1140 171 -15920297
344 1155 797912684
1285 1361 819298248
1906 125 85114277
1312 1468 185223174
1135 1737 -464986221
34 253 -75588772
921 1611 -834782880
1585 1214 962397370
1227 1949 733786424
944 1917 404624760
72 211 176651395
734 1110 962924635
60 1590 360329332
461 956 290259708
1331 1804 226794768
138 1372 812689922
1032 1228 -349057241
1220 1389 -356383087
1550 1849 -612951112
1151 115 933698114
676 351 -375468610
1029 131 762100008
449 294 891380267
1522 1664 455833293
1611 924 -666899928
525 1039 -326370559
1525 1131 -126213659
1134 1569 -616996346
977 1223 400357882
701 1666 -703054608
1212 709 -671864906
1273 794 32064515
1431 1294 926492978
1836 217 -192713506
676 1925 751981959
1773 896 554518720
944 1787 306534709
1086 1938 -950880911
1691 1377 -339978454
1697 1106 463603227
1390 1584 -870659308
1176 558 374101852
214 1708 117360809
1324 1311 -104355059
1145 273 708114905
1242 1761 630439409
1362 927 445523209
210 1529 949773186
1053 954 -433175107
982 1414 340984383
382 1744 -886883724
1016 424 -75765717
1329 418 -452401292
141 1671 -431003466
1977 703 423402927
1510 1585 458633788
1874 1395 907819391
1014 1372 -487648785
1899 1721 -90682440
664 1464 -248467383
1499 796 867822945
1040 1621 355265972
1761 901 -249364570
328 1116 -346756577
523 102 -784156464
1290 657 -604947512
842 692 375559788
498 1339 80143572
1688 1786 87162064
283 290 663744170
1902 452 763349511
1020 56 487518837
1703 1789 334125776
64 1196 -709766714
829 522 -107226258
3 271 -336835951
1504 1243 457632374
1233 166 916375376
960 841 -228925305
265 1543 -42736299
1349 570 52947133
1733 1492 272332277
281 1574 -148405238
1513 1606 -475483842
1190 1207 -320191040
1426 833 -697078891
930 861 980585323
519 1638 -54076950
1806 1738 -185019040
1799 1758 936599367
367 1822 315756338
1866 1354 -840322628
217 182 -837343604
1325 700 710583181
79 1504 996121698
369 1771 408057065
1785 895 -614662714
824 1949 -805941654
1077 1392 318222343
444 396 -775856041
1079 749 790731755
1462 1774 -750264500
1062 318 -896523625
1123 171 -178208686
1369 745 386368857
810 379 848271485
1895 757 -685803291
1508 268 -306363238
1959 1843 670205557
1799 337 481440662
237 897 -578231736
1808 834 387589058
108 764 448087413
1024 293 16952435
1879 1191 500223157
65 371 -438278312
1320 1670 353325106
732 1287 -121020496
1169 1478 -921421149
1737 1814 260164614
1580 432 -859503796
669 1931 622064715
138 1324 597236125
1686 834 -626173186
1196 462 226104107
1883 1375 -854073845
1188 148 -934917476
1031 964 728057457
337 1090 176932089
749 607 696862073
67 1756 -753292824
1405 1666 -722940742
593 1765 31446870
583 806 -469182521
1962 812 -139329266
1652 1593 -787822308
1467 432 576824390
1381 153 -681596474
633 15 -633911061
774 235 -422385706
348 227 394497181
771 1905 875385587
929 1883 -407469579
133 454 -626408844
1400 1498 632479041
1180 103 887661127
151 1649 256135129
639 636 539300655
530 1324 -111272154
892 1034 -335188054
1708 1989 -782174973
1827 1581 -445429321
1064 473 -860045282
507 540 -47229845
666 902 -160398676
929 134 744211566
927 61 331798055
1514 81 -721025193
1644 898 318837609
1722 1282 -487641489
953 1405 421677166
921 511 469856990
1826 1198 78128895
1176 525 -497554164
1474 1372 -174900577
1732 1260 96322257
1851 153 -61410738
1881 1455 -996483194
1359 977 -883048743
1972 651 162968650
854 260 -263688350
1084 467 932687740
1975 714 -556272353
606 1067 -99880863
281 1542 343094452
621 274 645242217
1128 928 159692534
235 1461 -522629939
525 597 -27930470
834 303 704635195
1057 1129 539202582
1267 340 517847806
1755 349 604669713
1213 946 496711275
1277 1138 -87004716
1404 331 -51439742
1218 235 871764738
108 808 530290951
907 321 -627884811
1482 331 -356593217
1488 1463 136523354
205 1731 -131315598
1156 1123 782320289
437 641 -555727021
1113 1090 428166337
668 453 -145915791
463 188 311300006
1108 834 -681795947
1761 112 255162756
204 287 378107192
1757 1794 -724821557
1985 1515 -213429344
1417 1698 145798100
1381 1038 131108661
270 1332 618159820
299 1481 450891539
1285 945 97193749
637 1570 793022613
1618 971 -219238011
663 1554 872178131
1865 842 -744477265
66 373 -117848732
1050 1534 833218115
1331 1686 556910679
746 1614 -82108337
375 349 -126818430
225 771 -733726132
1403 666 918747826
1228 1916 41452367
1767 1731 793031550
1172 1734 -645965655
1238 1434 453310042
1784 156 -770551630
1860 1119 839804640
1237 869 -417956744
1431 1921 797485005
210 1436 -650320275
971 1345 576260570
129 530 -442460592
505 121 -690335536
223 610 267066967
93 1557 -875689257
1377 950 570888665
696 344 869604881
854 1245 684169157
476 1737 -458520036
603 1475 945217642
1135 887 -978555989
38 551 191460307
1050 1069 433626868
1317 274 -470135653
784 56 -41821750
1518 1232 144338963
1008 1133 750723094
1284 756 798831072
610 1190 188995551
370 1693 371582759
730 6 -739865738
665 722 -937239747
514 1328 -491604584
1218 889 -574990151
1482 1908 104524288
170 1507 -975510610
1452 797 -293398246
1731 1044 713770780
1537 589 -331348453
1823 133 -300444453
1796 1105 827511364
1995 299 -433533452
1285 496 -701114665
741 306 -801827943
380 1860 100196333
175 751 -897694016
198 694 292728266
891 332 290614672
1208 1024 -761458532
1919 161 300445873
1962 987 533186734
432 1461 -662255102
1921 1939 -929970913
1487 567 199380984
1710 1461 827959493
1149 241 767309348
1887 1104 -486663858
1326 1989 748029838
5 654 557435043
1631 1853 -780759968
1837 1698 -376162894
979 1784 -320996221
872 1986 245018499
1390 606 32726182
349 321 -922333558
450 183 -661258766
654 1423 556578052
462 1541 -91525599
959 883 556870057
1224 250 -504452176
764 1092 -696180451
389 1022 -816392829
748 224 -605778945
535 1526 -28752661
1557 746 765987847
1686 1373 -708587454
432 1673 -684168938
1521 1774 -672914510
1173 1143 760732141
962 1478 733445902
773 465 -820831908
571 596 -282351175
1799 750 -350012974
513 442 -544255248
152 684 -642896878
316 26 617194825
1279 1070 683021966
1737 1640 -416738043
445 1095 497753355
1377 1752 654394223
535 320 402151006
1895 1998 745777432
1343 1168 250320380
1187 1968 698967417
1585 385 -924115381
498 478 -518088437
555 1951 -614887484
1477 1762 44616049
828 1724 -687659301
552 1718 261370006
556 569 -212945830
1599 796 117444981
1094 377 -145433917
43 1788 -518854688
75 805 -898543071
1319 361 30545434
615 1303 -874582437
356 120 180434025
459 1783 -889396413
1766 217 -658759913
841 1728 -760496364
997 545 -700340383
111 1210 107980466
588 1022 695247892
246 795 505601381
901 1028 770391043
1630 202 267600893
970 1036 407655305
1902 1607 -708243783
392 1875 544893661
1499 580 -897149024
312 1357 -380284307
1075 741 636715058
1057 357 -283982550
752 361 -29327488
1486 1521 11655856
1640 1143 -820664607
312 234 675159050
1649 344 -288076200
247 735 367270845
1591 441 -603946720
435 1165 -374620609
662 1349 -539347444
268 113 -510292833
693 1734 815002597
448 1823 102063917
1200 906 882284725
669 1752 296453846
593 183 938208814
219 1759 -988099690
1178 1969 508369657
1029 636 880928300
1197 329 -620691404
1918 366 155353020
1321 1205 -250394212
911 274 -789000700
149 263 -460611218
679 378 -760266211
2 1136 881
2 950 232
2 1255 789
2 1326 1774
2 1328 32
2 1996 1108
2 709 304
2 1984 550
2 484 435
2 474 1313
2 7 1716
2 185 1354
2 711 1633
2 1187 561
2 368 724
2 1493 419
2 598 915
2 1245 1820
2 602 1210
2 1109 1006
2 1334 781
2 1319 195
2 561 1084
2 761 1814
2 852 551
2 193 668
2 127 147
2 1873 911
2 1072 20
2 1343 789
2 649 872
1 1028 970455976
2 1679 54
2 1931 1322
2 156 1101
1 756 523153841
2 921 1639
2 326 434
2 1906 356
2 277 1544
1 1948 -38172428
2 1841 734
2 1716 135
2 734 1179
2 178 170
1 824 -117119157
2 78 1663
2 1920 869
2 1361 1364
2 1713 1666
2 1478 1791
2 1921 904
2 105 1054
2 937 710
1 1067 402823204
2 282 961
2 1553 401
2 756 1663
2 1194 261
2 152 1895
2 752 276
2 1624 1841
2 1351 1612
2 1381 1068
2 1428 856
1 1277 -696439918
1 2000 257550106
2 1057 162
2 971 978
2 930 441
2 174 806
2 427 1542
2 1073 287
1 1315 629464940
2 1457 1155
2 957 607
2 1597 429
2 1802 63
2 127 160
2 58 1322
2 91 1541
2 895 1065
2 1260 529
2 1240 1773
2 1959 1924
2 1961 1987
2 348 750
2 1937 177
2 1573 388
2 10 993
2 392 941
2 1549 1773
2 1985 895
2 1902 332
2 302 1844
2 1927 194
2 315 1985
2 1964 624
1 1841 469964115
2 64 1106
2 1496 1057
2 1711 224
2 861 1342
2 1459 583
2 372 1592
2 1227 1607
2 771 1550
2 100 225
2 1507 1905
2 1441 56
1 1273 265644223
2 1679 419
2 1024 1321
2 1211 857
2 14 190
2 442 1952
1 525 607140720
2 454 762
2 454 449
2 787 1562
2 361 945
2 1953 841
2 1557 494
2 791 1683
2 1394 1490
2 783 783
2 1378 758
2 992 529
2 41 52
2 1445 1841
2 1576 629
2 691 1782
2 1378 301
2 1088 1
2 747 1870
1 1503 -272553801
2 519 998
2 1978 12
2 1530 208
2 1395 270
2 1910 727
2 14 439
2 1377 727
1 248 -943624682
2 490 1590
2 1208 978
2 1779 1752
2 408 959
2 921 294
2 1334 269
2 1599 1827
1 1469 236876138
1 426 18269260
2 973 1883
2 609 1989
2 1019 853
2 1811 1911
2 1138 119
2 1004 179
2 531 1827
2 1361 1912
2 1639 1999
2 1570 364
2 1348 779
2 1630 16
2 1562 252
2 1843 463
1 1756 968035067
2 1689 348
2 998 626
2 655 992
2 140 1773
2 1132 1405
1 1507 -44481647
1 125 639656241
2 1064 1227
2 1150 650
2 1985 248
2 178 1888
2 901 1482
2 1969 567
2 352 1115
2 509 97
1 1471 270441008
2 1239 1906
2 628 1677
2 810 590
2 799 357
2 1904 1895
2 1964 481
2 117 1006
2 602 238
1 1676 620060892
2 1090 1882
2 163 37
2 264 1169
2 1948 1391
2 431 680
1 566 119250116
1 668 -794518484
1 1121 120050187
2 119 362
2 377 1131
2 1437 638
2 1538 482
2 1795 579
2 991 1675
2 1819 1202
1 1911 591569650
2 1710 1571
2 611 199
2 1732 1671
2 645 450
2 353 1887
2 1773 307
2 950 834
2 980 630
2 1022 1091
2 1713 1739
2 1362 1006
2 861 1159
1 1060 -879572577
2 1476 482
2 1732 1968
2 1000 57
2 116 586
2 1710 1806
2 703 1836
2 1157 40
2 1413 1447
2 851 596
2 238 1896
2 692 1165
2 1964 641
2 1261 296
2 777 1492
2 1225 1738
2 939 1028
2 1162 1609
2 444 640
2 1623 722
2 490 999
2 218 960
2 1971 1852
2 1954 3
2 524 937
2 1451 209
2 1367 153
2 657 160
2 1655 1429
2 1985 1994
1 1019 -915759631
2 1285 1919
2 1790 1755
2 821 1681
2 1653 1349
2 441 134
2 1620 988
2 176 1894
2 288 1681
2 1793 1352
2 1179 26
1 1643 -549880106
2 1198 1919
2 378 340
2 949 743
2 1483 1288
2 770 69
2 1104 1272
2 772 87
2 317 1522
2 1251 1923
2 1596 1481
1 1652 566984231
2 206 1488
2 920 265
2 624 318
2 507 1731
2 192 1060
2 1318 364
2 169 650
2 611 1585
2 230 1792
2 1044 1978
2 99 941
2 53 958
2 16 1880
2 1121 1198
2 1425 419
2 511 1057
2 413 1324
2 1880 1875
2 604 712
2 1620 816
2 1776 531
2 870 1030
2 1420 827
2 1499 722
2 1026 43
2 1182 1615
2 836 1018
2 1561 1982
2 1210 154
2 1051 1157
2 287 1872
2 974 23
2 657 591
2 1045 646
2 946 1165
2 844 932
2 489 723
2 1438 487
1 813 161652063
1 317 931434613
2 689 291
2 1449 1510
2 1848 21
2 1945 760
2 1013 1336
2 666 1065
2 1925 1414
2 720 1496
2 1818 1778
2 1205 1988
2 460 941
2 438 1313
2 56 1038
2 9 1966
1 82 -149313959
2 1208 359
2 1668 768
2 1608 901
2 546 1250
2 924 313
2 491 1752
2 1214 803
2 635 1525
2 779 27
2 987 1114
2 904 236
2 359 650
2 177 299
1 1905 391573756
2 1272 892
2 1550 1665
2 1306 1632
2 549 55
2 400 277
2 567 1695
2 305 1619
2 461 316
2 754 535
2 818 1520
2 442 596
2 1874 1221
2 60 1946
2 77 299
2 1692 730
2 904 386
2 539 546
1 365 -296981751
2 913 291
2 1636 1612
2 791 190
1 1613 181010881
2 1476 687
2 301 1988
2 1986 789
2 168 746
1 1072 882680604
2 997 1261
2 444 631
1 364 683818886
2 393 846
2 72 274
2 1768 803
2 77 141
2 1990 681
2 1437 1563
1 846 216421575
2 174 1977
2 1642 1919
2 207 1286
2 866 698
2 343 1113
2 1477 594
2 272 1561
2 817 310
2 450 977
1 1730 -777513589
2 677 1407
2 1866 1693
2 975 99
2 222 453
2 1375 1479
2 1154 345
2 1894 1727
2 262 1234
1 921 -432097146
2 866 1354
1 617 -111672093
2 598 1572
2 1501 401
2 1187 58
2 1938 135
2 983 1659
2 613 1285
2 1240 578
2 100 89
1 1557 269327917
2 1333 1562
2 1846 1381
2 184 257
2 557 481
2 1958 308
2 540 1005
2 368 1910
2 789 1935
2 1733 1286
2 1790 1098
2 1894 695
1 145 449931047
1 65 -955912773
2 1491 1189
2 222 1998
1 258 299903384
2 519 1597
1 1126 692070453
2 1666 683
2 1741 758
2 1486 124
2 675 237
2 1514 179
2 1815 684
2 249 1978
2 779 1559
1 55 -222792568
2 1302 1453
1 63 37758666
2 152 1030
2 1355 1093
2 40 45
2 1029 1935
2 31 1673
2 748 566
2 1025 1800
1 1597 468118610
2 456 523
2 936 91
2 821 530
2 22 1029
2 1496 1161
2 233 1917
2 1062 1994
2 472 1800
2 443 467
2 1449 891
2 1730 904
2 1774 1118
2 1510 1586
2 605 1573
2 1831 1061
2 1181 125
2 1116 79
2 1358 1603
2 1304 1808
2 1467 1012
2 1996 1125
2 859 1180
2 660 891
2 1100 1557
2 806 953
2 1795 762
2 1050 989
2 1665 1577
2 1185 98
2 594 720
2 1766 1414
2 346 298
2 1186 488
2 548 1146
2 1279 375
2 1315 334
2 1818 941
2 663 216
2 477 356
2 402 134
2 945 912
2 1281 1491
2 66 966
2 691 1693
2 1402 1339
2 1556 991
1 1823 975868953
2 1507 879
1 3 691455826
2 1717 1596
2 414 1005
2 357 177
2 826 1779
1 1401 899150679
2 1998 883
2 533 1588
2 1281 850
2 55 163
2 152 143
2 166 564
2 489 1099
2 483 1678
2 1647 1647
1 1665 569351807
2 1389 554
2 983 606
2 1408 1076
2 441 1607
2 1248 320
2 760 193
2 1797 1709
2 1057 20
1 1303 99937930
2 809 596
2 1291 1610
2 413 1248
2 1118 1317
2 1489 1524
2 1149 1573
2 1047 1491
2 808 1929
1 505 -6644108
2 1234 1114
2 149 1930
2 1639 1418
2 554 1698
2 1471 1261
2 586 620
2 1824 1166
2 1357 1426
2 673 530
2 535 1001
2 236 343
1 1252 -894004180
2 160 1753
2 1845 693
2 468 1843
2 1844 282
2 1824 733
2 1120 1282
2 1170 1532
2 485 1223
2 833 1164
2 1524 1046
2 1104 70
2 160 674
2 840 1928
2 405 1641
2 621 772
2 202 451
2 480 1938
2 553 1526
1 1777 285476016
2 520 1281
2 832 1287
2 1466 1762
2 178 308
2 1225 979
2 1485 1868
2 63 1369
2 1288 1537
2 1035 176
2 1389 733
1 1074 719973189
2 851 1918
2 767 915
2 1692 1615
2 1762 634
2 27 1933
2 830 900
2 935 734
2 1252 1673
2 1968 1973
2 1901 1505
2 831 880
2 457 475
2 259 1307
2 165 1175
2 794 1995
2 1987 137
2 1468 977
2 1676 1032
2 209 1700
2 447 475
2 971 663
1 732 8969369
2 825 1606
2 140 1395
2 864 992
2 1681 1749
2 508 213
2 1102 559
2 1410 1967
2 708 655
2 1303 64
2 1303 1443
2 1571 870
2 1078 1890
2 1368 187
2 1505 763
2 1205 1655
2 1989 916
2 941 1465
2 1879 26
2 789 84
2 1394 1763
2 817 1926
2 276 1552
2 49 193
2 548 195
1 282 -830168301
2 1044 1658
2 1565 1591
2 1178 1719
2 514 1044
2 1618 706
2 1699 381
2 1666 479
2 1071 212
2 1834 234
2 1353 270
2 510 580
2 247 1279
1 1809 414638574
2 1543 109
2 447 1775
1 740 -48939104
2 392 1337
2 1343 1928
2 1419 235
2 1048 1435
2 1682 1789
2 1519 803
2 809 1179
2 1493 21
2 1442 1937
2 206 315
2 626 1462
2 1916 1607
2 738 1331
2 896 380
2 1785 742
2 191 1697
2 1073 1424
2 1803 776
2 96 1165
1 446 -55514225
2 1250 443
2 191 707
2 212 693
2 1384 961
2 884 476
2 134 1243
2 922 366
2 1245 1987
1 519 210653052
1 476 810776778
2 213 1647
2 1326 1515
2 81 169
2 1522 1151
2 1118 1652
2 152 1591
2 971 245
2 1875 9
2 75 253
2 1657 1243
2 181 1269
2 1717 391
2 1960 1106
2 198 1647
2 1336 251
2 1055 1002
2 319 1589
2 369 1406
2 103 1558
2 254 826
2 1445 1513
2 979 1514
2 647 1038
2 1948 1336
2 1297 1648
2 238 1744
2 1498 1080
2 1438 1704
2 539 1825
2 931 812
1 1627 507684074
2 1993 1173
2 777 1090
2 1560 549
2 657 921
2 1515 1805
2 1765 1426
2 1151 1810
2 727 107
2 274 651
2 707 283
2 339 1586
2 1101 81
1 490 396144733
2 150 1471
1 200 594688478
1 1184 -214446189
2 599 976
2 1081 1530
2 1595 1036
2 870 411
2 535 74
2 169 437
2 1680 1236
2 632 310
2 1729 95
2 997 440
2 1490 730
1 375 -665134749
2 1668 441
2 1024 594
2 812 1849
2 1009 1268
2 917 1389
2 707 1609
2 536 398
2 357 1709
2 1287 1716
2 328 1330
2 1756 989
2 455 13
2 1463 1016
2 274 1363
2 47 1201
2 101 457
2 195 1916
2 988 1930
2 587 1137
2 187 1817
2 961 1900
2 1323 1459
2 293 1939
2 1640 1112
1 325 -652673686
2 1484 195
2 1719 894
2 1760 1277
2 666 1194
2 1996 846
2 1521 646
2 1637 430
2 847 365
2 1382 336
2 777 154
2 483 456
2 44 1728
2 936 524
2 69 1432
2 1773 1876
2 1475 884
2 1007 574
2 1236 139
2 519 1444
1 186 -788881817
2 188 1773
2 546 1016
2 959 104
2 1552 306
2 253 1121
2 1159 240
2 963 232
1 845 -594534868
2 1835 609
2 1895 1606
2 1784 646
2 48 599
2 1759 376
2 71 652
2 490 970
2 107 699
2 1355 197
2 474 1172
2 434 1924
2 833 326
2 1143 437
1 1792 -474708061
2 544 53
2 709 882
2 407 1699
2 767 719
2 981 71
2 1337 213
2 711 1788
2 379 921
1 1948 86701602
2 1366 23
2 504 310
2 1102 205
1 1469 -137946455
2 1513 1620
2 1708 577
2 1124 1401
2 500 879
2 1604 976
2 1860 394
2 135 239
2 1786 1493
2 1291 1578
2 594 292
2 725 404
2 1956 1497
2 1645 62
1 1774 -268555530
2 1597 1160
2 1202 1542
2 526 462
2 31 611
2 1962 1163
2 302 605
2 250 1323
2 421 1264
2 1135 989
2 128 556
2 1160 896
2 1768 1890
2 177 1158
2 1772 928
2 1462 1692
2 440 1291
2 892 1353
2 653 1024
2 494 408
2 158 1948
2 1115 572
2 320 478
2 1634 1826
2 281 1315
2 106 1440
2 1332 1087
2 81 1370
2 51 433
2 1475 487
2 913 724
2 910 1170
2 1490 907
2 1223 395
2 201 646
2 1772 1945
2 1260 829
2 54 1469
2 245 118
2 1102 1555
1 1016 366284845
2 1412 1364
2 1049 173
2 1456 153
2 1227 377
2 996 898
2 1009 374
2 816 1980
2 838 959
2 1343 1396
2 194 1943
2 574 1282
2 1556 303
2 1759 1920
2 789 395
2 124 1989
2 1994 309
2 368 739
2 279 1868
2 1421 1814
2 1384 988
2 401 1254
2 1122 1230
2 666 1679
2 153 444
2 208 36
2 1366 1686
2 1372 736
2 1809 1116
2 53 1647
2 1385 217
1 60 -103060973
2 1060 1529
2 410 881
2 1442 1622
2 916 1152
2 1959 1412
2 236 1525
2 808 1006
2 411 482
2 1806 201
2 801 1736
2 1585 539
2 1472 352
2 992 592
2 1185 60
1 1985 813844958
2 751 1067
2 455 1208
2 558 917
2 1005 844
1 1766 -529109950
2 1591 307
2 911 1254
2 58 1461
2 1015 1119
2 1658 1890
2 261 353
2 1059 1494
2 1468 1145
2 1044 318
2 1896 142
2 1155 1214
2 546 955
2 1555 1052
2 1561 1847
2 11 1204
2 917 290
1 1639 -787504637
2 974 595
2 1349 2000
2 1133 1487
2 979 1570
2 1516 799
2 1024 1698
2 369 540
2 1288 133
2 1924 1683
2 496 272
1 1729 68391144
2 1137 450
2 1854 319
2 1601 1495
1 373 515166331
1 1449 265019938
2 1796 964
2 1222 98
2 1669 1261
2 706 985
1 1277 -376552141
2 751 1335
2 519 1653
2 1340 949
2 1441 239
2 1940 1993
2 458 301
2 1009 1835
2 56 1744
2 580 760
2 767 1947
1 1370 -177720234
2 1836 561
2 340 1691
2 243 526
2 247 227
2 590 1918
2 1459 1214
2 1509 213
2 1053 1648
2 1697 669
2 455 1314
2 377 517
2 71 1016
2 1919 1441
2 1983 821
2 257 1966
2 172 49
2 615 1733
2 1629 1991
2 1341 1448
2 652 1103
2 1637 1789
2 295 869
2 1872 1427
2 187 1480
1 1543 -557717160
2 1367 1251
2 1551 264
2 348 1438
2 1013 1950
1 1292 49248261
2 1459 1774
2 1776 942
2 1267 802
2 777 903
2 718 600
2 1190 1460
2 277 1330
2 1499 490
2 824 607
2 1198 744
2 1966 1561
2 127 1308
2 753 172
2 1733 962
2 1295 1841
2 1251 763
2 308 1074
2 431 171
2 951 1533
2 702 1913
2 191 1856
2 1195 474
2 1023 938
2 1581 1881
2 316 1658
2 447 1714
2 345 1995
2 1761 344
2 1502 260
2 1341 1890
2 1207 1234
1 1681 -669306348
2 923 646
2 633 647
2 921 1833
2 1266 1587
2 1632 641
2 899 320
2 14 1931
2 225 1605
1 23 544435040
2 657 1157
2 802 1782
2 1624 1721
2 177 189
2 1264 1249
2 1413 1905
2 1546 203
2 434 66
2 692 1524
2 515 345
2 83 1196
2 71 714
2 654 1342
2 1200 264
2 204 273
2 929 164
2 518 937
2 143 1323
2 1404 920
1 1657 355644894
2 165 1943
2 1977 900
2 454 1742
1 1401 -394394804
1 2000 21412129
2 23 99
2 1420 1683
2 1384 844
2 1836 251
2 697 256
2 1682 1415
2 405 1807
1 591 975762930
2 345 96
2 206 1008
2 1181 542
2 13 1240
2 1076 561
2 1175 203
2 683 522
2 1097 865
2 1843 566
2 30 1019
2 19 226
2 1994 251
2 852 619
2 1547 1920
2 333 497
2 1024 1
2 1744 1166
2 1044 1489
2 658 1254
2 1565 1064
2 1783 843
2 556 1294
2 722 1158
2 1927 1780
2 188 1254
2 536 468
2 4 337
2 230 1069
1 3 -527974667
2 1656 803
2 799 1555
2 1455 864
2 1423 1429
2 494 705
2 1593 1197
2 1922 819
1 1124 -802596436
2 899 158
2 1131 422
2 699 859
2 1751 146
2 121 1998
2 308 1746
2 1284 321
2 835 1552
2 934 1090
2 1950 298
2 53 800
2 1293 1672
2 1587 259
2 1543 472
2 221 239
2 106 1020
2 94 523
2 378 1476
2 1916 1834
2 1373 1254
2 1537 1003
2 1348 1076
2 1218 237
2 602 803
2 1866 1516
2 882 785
2 942 302
2 535 239
2 1030 488
2 286 1091
2 1972 421
2 983 2000
2 1509 111
2 319 1786
2 1838 647
2 128 917
2 262 665
2 1633 460
2 1557 1428
2 685 48
2 1221 1608
2 944 1156
2 2000 1138
2 1468 1837
2 569 773
2 1981 397
2 673 1745
1 1744 -469323943
2 1962 1555
2 927 1144
2 797 926
2 241 754
2 1217 1548
2 1924 1891
2 948 440
2 1394 1599
2 824 1222
2 216 314
2 1466 1915
2 260 1769
2 970 756
2 1379 615
2 1279 279
2 1933 86
2 125 1135
2 1467 1067
2 477 1391
2 1910 1058
2 315 798
2 1345 503
2 1474 1469
2 1650 119
2 1820 938
2 1840 1100
1 842 -292721908
2 1965 78
2 1555 1724
1 587 45602748
2 171 1628
2 1653 238
2 1918 1109
2 769 526
1 63 -656740266
2 456 826
2 1647 1746
2 1493 1117
2 1790 954
2 532 997
2 1182 913
2 1326 940
2 80 1647
2 1560 422
2 395 1605
2 837 1232
2 250 653
2 220 192
2 1898 1290
2 1024 1887
2 844 118
2 1165 747
2 1862 1310
2 909 1203
2 339 1567
2 833 157
2 839 1814
2 653 176
2 1412 703
2 1616 459
2 519 437
1 1798 -192038119
2 1362 779
2 398 206
2 497 924
2 1491 1796
2 776 440
2 475 1913
2 1028 728
2 564 899
2 1075 185
2 1420 904
2 1747 900
2 1614 547
2 1180 868
2 799 667
2 929 80
2 951 1750
2 36 1265
2 649 1144
2 1065 1555
2 661 44
2 1556 104
1 1201 73152445
2 1359 1196
2 1051 1612
2 606 1684
2 616 1045
2 1515 1436
2 61 1328
2 1663 789
2 724 1964
2 986 1410
2 1755 999
2 465 483
2 421 106
2 1320 225
2 523 534
2 942 970
2 1398 546
2 1949 761
1 284 -207097646
2 879 1735
2 649 176
2 1398 1335
2 983 303
2 1184 890
2 1469 557
2 1061 1757
2 1890 184
1 1782 607630365
2 581 90
1 1547 753322207
2 1282 1851
2 847 1736
2 1671 895
2 221 1045
2 999 1083
2 824 270
2 1648 1008
2 514 909
2 1395 1144
2 1104 421
2 1699 123
2 962 1666
2 631 643
1 912 266071524
2 1084 852
2 615 192
2 1134 1548
2 201 672
2 228 1709
2 900 280
2 997 1047
2 1443 1574
2 1459 277
2 658 1526
2 1113 1193
2 468 558
2 1089 853
2 1371 1326
2 232 906
2 922 250
2 136 165
2 1555 1846
2 1061 1677
2 459 942
2 1542 949
1 1434 164107598
2 1707 1153
2 186 95
2 1552 574
2 28 1462
2 499 1165
2 63 946
2 1517 1833
2 555 1935
2 1692 549
2 1986 1855
2 1658 1696
2 1825 1381
2 635 325
2 580 1783
1 260 201119450
2 69 1580
2 945 784
2 24 883
2 1318 1454
2 1002 1126
2 236 245
2 1720 1568
2 252 1270
1 564 -184722394
2 832 1569
2 383 675
1 1537 820307297
1 1104 598869828
1 219 469379611
2 1521 295
2 665 144
1 168 867349122
2 1987 1964
2 1898 478
2 1886 584
1 1645 203503854
2 1641 651
2 1136 1245
2 1476 1143
1 1545 66253011
2 173 1429
2 1993 692
1 505 241885066
2 1686 912
2 248 624
2 1908 126
2 1441 416
2 103 1192
2 1835 595
2 259 1965
2 1350 1862
2 1659 686
2 67 1816
2 619 47
1 1378 -151858653
2 415 1591
2 1475 978
2 1192 874
2 1574 890
2 257 1906
2 1383 1393
2 461 1561
2 324 986
1 1410 981576
2 785 1269
2 1310 1393
2 1645 838
2 1919 1387
2 457 249
1 1275 -969301268
2 1367 1139
2 793 1432
2 1952 1292
1 470 -600222439
2 1909 14
2 1293 1684
2 1503 125
2 1994 1638
2 593 1513
2 1697 792
2 1790 865
2 72 46
2 1896 1186
2 1520 988
2 81 614
2 1068 1307
2 894 209
2 361 757
2 795 438
2 1300 1196
2 877 1152
2 1121 227
1 249 -988997439
2 1002 993
2 563 1158
2 1808 1319
2 839 861
2 77 207
2 1201 321
2 1241 417
2 914 984
2 450 1923
2 988 1843
2 949 1195
2 1993 362
2 1131 487
2 102 615
2 1237 1771
2 601 930
2 1437 1435
2 309 81
2 1414 1843
2 183 64
2 1859 688
2 884 774
2 189 1937
2 366 937
2 891 1356
2 797 973
2 1777 366
2 344 1658
1 1753 -366845214
2 1152 452
2 348 1862
2 17 284
2 331 1388
2 1710 730
2 1540 1794
2 1026 331
2 320 670
2 918 1025
2 58 655
2 638 1106
2 1307 827
2 206 465
2 612 340
2 180 298
2 966 839
1 26 659527212
1 1886 -723819304
2 21 513
2 1338 12
2 636 1380
2 1565 1067
2 1527 104
2 1688 744
2 1288 244
2 1376 827
2 59 649
2 1338 1708
2 1539 645
1 124 -394606823
2 1729 1345
2 934 544
2 1451 613
2 1021 1072
2 432 104
1 233 -95085200
2 1187 790
2 1737 193
2 712 909
2 1883 843
2 209 1972
2 1290 210
2 98 777
2 717 400
1 1956 -485944688
2 1829 230
2 1957 1590
2 459 1555
2 1264 1251
1 18 257012450
2 340 246
2 1353 1106
2 535 225
2 969 1039
2 1928 764
2 1614 1970
2 671 634
2 468 1556
2 729 1033
2 569 443
2 1268 1030
2 85 1512
2 1495 1210
2 521 187
2 378 1983
2 654 593
2 303 589
2 517 976
2 346 1932
2 1870 1066
2 799 1688
2 258 1433
2 355 7
2 1740 52
2 747 1209
2 1679 688
2 607 340
2 1683 1867
2 1883 1759
2 1650 644
2 56 1315
2 556 340
2 171 988
2 1740 535
2 1216 1898
2 793 1564
2 1312 270
2 1271 174
1 1223 450708538
2 1091 480
2 685 563
1 1338 139481684
2 472 99
2 1551 54
2 936 1299
2 461 302
2 1039 979
2 1888 696
1 619 12968006
2 40 1048
2 1754 1572
2 1398 378
2 1663 1638
2 1416 1659
2 815 485
2 1788 768
1 282 -387141058
1 1071 415793091
2 798 927
2 693 1933
2 772 999
2 449 977
2 357 1107
2 498 153
2 1408 1851
2 476 1169
2 625 322
2 1421 1583
1 1818 -463037680
1 1671 -297098543
2 931 701
2 1036 1176
2 1956 1204
2 883 375
2 685 96
2 552 54
2 1219 1107
2 47 1961
1 1789 801700965
2 1652 57
2 173 345
2 573 653
2 1169 772
2 398 1256
2 1142 1282
2 1356 1869
2 407 1693
2 46 1229
2 374 365
2 706 908
2 398 52
2 502 1600
2 1069 529
2 692 1810
2 463 477
2 1525 718
2 84 1429
2 1470 292
2 1156 866
2 1620 1062
2 1349 481
2 1393 1969
2 1364 1653
2 1625 1218
2 479 1252
2 822 1716
2 253 1006
2 1235 169
1 1593 -841386513
2 1011 376
2 1030 1765
2 1569 1589
2 666 770
2 516 832
2 696 1542
2 1183 839
2 1445 128
2 331 529
2 1718 552
2 93 1952
2 86 453
2 1995 1362
2 1560 1604
1 1176 -907500793
2 725 678
2 1829 1981
2 1157 1503
1 917 -298214830
1 231 -135057624
2 1698 389
2 435 1929
2 1753 1535
2 1278 321
2 1863 705
1 422 478547366
2 1154 530
2 1707 970
2 395 1317
2 55 456
2 1932 1938
2 697 421
2 870 516
2 249 1082
2 179 634
2 239 1220
2 1283 651
2 1446 1210
2 298 1278
2 1392 643
2 1151 1698
2 1023 801
2 747 215
2 1419 357
1 1200 -380026795
2 472 735
1 776 -133682504
2 1561 1291
1 817 -955169771
2 1808 1674
2 149 1189
2 961 908
2 935 95
2 1809 1868
2 1884 658
1 737 -676425301
1 1066 33828475
2 561 111
2 890 1585
2 1463 36
1 1108 -668881751
2 1051 571
2 518 476
2 172 952
2 1139 92
2 1338 1027
1 1279 -854827313
2 718 1583
2 218 302
2 899 802
2 289 657
2 779 1552
2 780 1801
2 1162 718
2 1309 792
2 611 1649
2 416 426
2 1947 862
2 1418 98
2 722 182
2 1253 210
1 974 16225352
2 1123 64
2 1853 954
2 201 1280
2 1730 953
2 342 1663
2 1267 1774
2 332 1182
2 1301 1438
2 1021 523
2 1904 698
2 148 1890
2 1277 335
2 1709 1501
2 703 1271
2 1462 980
2 325 1242
2 842 1437
2 278 1300
2 343 960
2 841 910
1 219 -948935316
1 30 -976882996
1 568 886352271
2 1372 1753
2 1330 1466
2 699 549
1 1655 481901443
2 237 17
2 1388 1906
2 1355 999
2 558 288
2 806 1323
2 1124 1401
2 1642 1305
2 403 1367
2 77 218
2 1593 109
2 1711 787
2 731 1344
2 1288 978
1 1529 -406833972
2 209 1758
2 1628 1347
2 506 722
2 874 1434
2 1006 1095
2 848 578
2 606 1699
2 1700 1937
2 809 882
1 210 544498952
2 1682 697
2 946 647
2 864 862
2 1963 319
2 765 1052
2 769 1650
2 1689 811
1 236 -197970936
2 1597 654
1 925 239713958
2 473 39
2 1988 1394
2 1946 1705
2 257 821
2 386 446
2 737 1697
2 998 757
2 359 780
2 1228 715
2 484 414
2 85 1303
2 1780 334
2 343 1606
2 22 1705
2 9 519
2 168 1300
2 424 1535
2 266 952
2 1809 971
2 1320 45
2 1414 604
1 156 453961201
2 1227 423
2 1444 1074
2 1045 1643
2 1687 1827
2 131 1139
2 1180 770
2 417 1448
2 1918 990
2 1344 1312
1 1682 -692860624
2 492 1250
2 21 614
2 1729 1012
1 538 344694156
1 1106 -82562676
2 1831 1455
2 1927 824
2 493 1394
2 1974 699
2 424 952
2 765 728
2 1384 1231
2 859 10
2 727 568
2 1253 1149
2 9 266
2 1378 532
2 843 1836
2 185 1649
2 1631 919
2 512 176
2 833 1768
2 294 1908
2 1213 1903
2 513 848
2 923 604
2 1617 317
1 477 978433827
2 1166 587
2 1463 1672
2 222 415
2 474 703
2 1320 1188
2 1047 670
2 214 599
2 181 722
2 1942 1648
1 714 -147356489
2 913 1317
2 1003 715
2 1802 220
2 749 56
2 119 673
1 1098 -188867393
2 1892 132
2 976 1458
2 1979 1707
2 252 170
2 328 1566
2 1458 888
2 822 846
2 1915 931
1 1291 -307687074
1 440 742768654
2 1174 350
1 1076 -506645228
2 1316 1667
2 908 1348
2 1283 1815
2 313 393
2 1009 1399
2 468 937
2 302 250
2 231 1646
2 1381 1942
2 222 1904
2 1136 540
2 1298 261
2 263 1096
2 115 519
2 1022 1554
2 303 1341
2 767 1493
2 451 1728
2 387 1340
2 1800 336
2 1986 1164
2 1339 205
2 1888 312
2 197 1748
2 1311 501
2 1732 279
2 1673 1775
1 1604 696097772
1 1401 882162862
2 65 1180
2 1786 1379
2 1122 569
2 624 1004
2 318 1982
2 356 1755
2 1634 1234
2 426 756
2 478 872
2 139 618
2 1026 1483
2 249 1970
2 1704 1323
2 1974 1794
2 1198 1212
2 1177 506
2 1278 1513
2 446 1863
2 558 1918
2 943 670
2 1217 1956
2 754 1815
2 899 171
1 479 -42026545
2 1669 946
2 350 166
2 132 647
2 1640 1654
2 1438 419
2 1418 139
2 937 1779
1 1129 719004068
2 1827 220
2 1740 1727
2 394 1121
2 1641 726
2 545 1876
2 1271 1779
2 595 1329
2 148 1770
2 1628 455
2 648 1606
2 1529 800
1 249 728757639
2 1925 465
2 1872 1600
2 1174 1857
2 1497 1764
2 1729 247
2 1625 1982
2 1186 376
2 1740 748
2 743 706
2 1224 1729
2 1968 117
2 908 1765
2 948 1404
2 1257 116
1 713 2987786
2 239 730
2 554 1063
2 631 1165
1 709 -688240046
1 806 -250786414
2 1202 639
1 1499 695713508
2 1924 761
2 1583 1313
2 250 1365
2 251 150
2 218 503
2 470 1687
2 383 1435
2 418 382
2 1426 336
2 1478 1416
2 1709 561
2 1899 1143
2 1901 1487
2 1644 440
2 1280 1735
2 1712 263
2 510 712
2 11 1510
2 1993 1594
2 1584 1076
2 1402 1243
2 1751 325
2 1564 1025
1 1480 502443484
2 190 1949
2 60 506
2 1714 481
2 877 621
2 1343 334
1 1268 907871878
2 230 1683
2 1880 440
2 1341 645
2 1339 1968
2 105 1348
2 1900 642
1 1725 -792886712
2 58 1752
2 1161 1431
2 782 643
2 867 553
2 5 1920
2 423 1363
2 983 371
2 1105 1740
2 551 570
1 1003 903601843
2 1538 437
2 1777 1004
2 327 1479
2 206 1996
2 449 585
1 87 112562745
2 1164 146
2 608 1248
2 1019 576
2 1692 622
2 365 1765
2 1760 260
2 1232 417
2 1525 284
2 1516 1753
2 1679 1623
2 124 194
1 925 -588714013
2 1289 1971
2 995 1941
2 314 1965
1 707 464502724
2 380 67
1 1127 -136345896
2 68 501
2 1121 430
2 207 1983
2 944 672
2 613 574
1 462 376736195
2 1196 1929
2 391 1777
2 1052 138
2 1670 1656
2 1086 975
2 1675 753
2 1125 1767
2 1919 1050
2 905 1021
2 47 45
2 157 412
2 474 1050
1 1978 -455222222
2 1357 818
2 784 957
2 1697 538
2 1855 511
2 1461 1250
1 763 191578597
2 958 1653
2 834 1919
