200 200 200
1 2 -731923080
2 3 -830293335
3 4 -248280098
4 5 -975381981
5 6 305133820
6 7 678538622
7 8 -681484875
8 9 853902817
9 10 310165583
10 11 -432563254
11 12 -548908734
12 13 470541282
13 14 -989339575
14 15 -175923487
15 16 828835484
16 17 472174320
17 18 -864000633
18 19 -288576355
19 20 -473581573
20 21 191155042
21 22 972897416
22 23 68440561
23 24 356601977
24 25 -10437539
25 26 622402768
26 27 -450343045
27 28 -446345611
28 29 503992860
29 30 -653396274
30 31 -72406720
31 32 -539679294
32 33 29168499
33 34 -399515370
34 35 799782727
35 36 -43462478
36 37 -622532787
37 38 388883518
38 39 -72080801
39 40 -903515802
40 41 -301005752
41 42 -512341253
42 43 247543784
43 44 -740204418
44 45 335055240
45 46 201678599
46 47 -970338913
47 48 651427551
48 49 -802903604
49 50 -390623116
50 51 335240813
51 52 413616543
52 53 -478544846
53 54 130084727
54 55 -508637390
55 56 -112469734
56 57 -109412500
57 58 219839099
58 59 183440574
59 60 440017094
60 61 -979058631
61 62 104070173
62 63 742827128
63 64 -426782677
64 65 484710051
65 66 -809865173
66 67 -607881678
67 68 784766988
68 69 -295265356
69 70 -661248179
70 71 -407105556
71 72 131196338
72 73 678939706
73 74 -225984476
74 75 536123477
75 76 -293923841
76 77 -125573562
77 78 964358735
78 79 -545801626
79 80 -769546592
80 81 -615630443
81 82 -357311496
82 83 -181746198
83 84 207737148
84 85 536276532
85 86 -239258116
86 87 244246327
87 88 567727541
88 89 -802694614
89 90 -463897055
90 91 -124471138
91 92 627116821
92 93 -42490550
93 94 655655785
94 95 324775549
95 96 878897764
96 97 359482291
97 98 -937918599
98 99 620637511
99 100 -186291949
100 101 -751170046
101 102 -821005063
102 103 -975771876
103 104 811770589
104 105 698823788
105 106 775151630
106 107 744625816
107 108 -372558896
108 109 553583706
109 110 -750569972
110 111 124450097
111 112 -842256855
112 113 138568357
113 114 -476102400
114 115 -700491783
115 116 562981866
116 117 -293453023
117 118 859927307
118 119 -539482511
119 120 392154248
120 121 425246231
121 122 -268978074
122 123 -429646087
123 124 516893005
124 125 -940905902
125 126 398195223
126 127 -464524284
127 128 -881866198
128 129 323797327
129 130 -256634889
130 131 -179763281
131 132 386582500
132 133 634173866
133 134 369874859
134 135 961166662
135 136 -349642710
136 137 -363811891
137 138 -582083202
138 139 -827357139
139 140 953078530
140 141 874136810
141 142 316531301
142 143 545893534
143 144 151649245
144 145 -109547565
145 146 -388185414
146 147 -794601649
147 148 -249254735
148 149 -366495514
149 150 -894337048
150 151 56861854
151 152 490128189
152 153 -779975315
153 154 310517203
154 155 526758400
155 156 926367546
156 157 390510678
157 158 -571867890
158 159 414384290
159 160 243909475
160 161 87232
161 162 -290314371
162 163 447128741
163 164 -319662247
164 165 -668641946
165 166 431557209
166 167 436749783
167 168 419785667
168 169 -608458466
169 170 355352960
170 171 711243144
171 172 142580367
172 173 -177675181
173 174 13859293
174 175 -882290355
175 176 -225566047
176 177 -305832447
177 178 -677161124
178 179 -473875518
179 180 -586873875
180 181 -26756991
181 182 568330316
182 183 128062137
183 184 917345939
184 185 -954257835
185 186 -735744925
186 187 401200169
187 188 969926910
188 189 -256233702
189 190 190296640
190 191 918532606
191 192 960462989
192 193 370097820
193 194 57918049
194 195 196442497
195 196 183120346
196 197 -642414373
197 198 -493664996
198 199 822367788
199 200 -396985663
14 6 -224247577
1 27 791681350
1 113 -65420136
2 161 74
2 165 45
2 193 181
2 146 95
2 166 98
2 62 198
2 2 51
2 140 55
1 10 127298374
1 99 -900862312
2 193 4
2 99 96
2 111 179
2 81 172
2 101 122
2 87 122
2 58 143
1 14 562331073
2 106 141
2 35 79
1 73 53669739
2 38 5
1 181 290420593
1 157 728302802
2 140 105
2 131 21
1 200 -910314445
1 68 555189061
1 60 -297431428
2 145 28
1 28 955462792
1 37 362051705
2 53 144
2 107 128
1 25 -296733148
2 52 185
2 93 77
2 21 23
2 107 137
2 59 75
2 27 193
2 87 120
1 72 923271801
1 194 90009171
2 97 77
1 20 139278360
1 28 -692886870
2 22 83
1 27 -772225750
1 65 -205535959
2 175 44
2 113 132
1 28 383203020
1 57 -357305415
1 128 775889804
2 51 196
1 195 -916262492
2 99 179
2 156 77
2 193 115
1 81 422775970
2 122 26
1 62 238153986
2 114 58
1 37 594883677
1 28 -869441620
2 168 146
1 70 -953812152
1 66 570869610
1 124 -944460804
2 24 34
2 175 6
1 46 -388035871
1 31 200287664
1 100 -971483749
2 120 82
1 174 -458006696
2 21 75
2 108 95
1 172 -235785011
2 4 157
1 114 762450524
2 197 180
2 52 174
1 31 992117520
2 105 5
2 11 17
1 19 637366660
2 120 194
2 56 145
1 23 -560250669
1 189 565924756
2 178 15
2 193 6
2 102 102
1 138 -268516117
2 3 95
1 70 832799859
1 97 -948170794
2 62 184
1 31 -537381759
2 108 59
1 76 -74171521
2 173 15
2 132 60
1 180 -308067587
1 105 -814442573
2 108 68
2 69 2
1 77 445392903
1 106 -88481250
1 155 -395680477
1 118 86901371
1 97 -414103454
1 88 -590450043
2 71 78
1 108 821994640
1 55 -968274055
2 37 35
1 71 -838660724
2 109 110
1 165 120259188
1 123 -522572972
1 119 364999440
2 127 17
1 25 -87957453
1 101 234970169
1 172 429209495
1 97 -189252008
1 80 803575519
2 90 194
2 178 88
2 190 175
2 81 132
1 37 54259628
1 60 591226261
2 146 149
1 31 -621461196
1 169 -788801349
2 108 22
1 188 223778983
1 65 119396272
2 8 133
1 22 723787905
2 56 149
1 156 -83694856
1 144 -651995284
1 111 -51916780
1 157 -624184663
1 19 627640152
1 189 -168826081
2 5 121
2 3 192
2 149 106
2 199 114
1 64 743500667
1 39 -109286524
2 23 86
2 165 129
1 77 -676215664
2 76 169
1 29 911010938
2 25 5
2 5 22
2 119 200
1 107 185653734
1 129 894524058
2 70 19
2 87 10
2 101 124
2 158 148
1 179 38834192
2 65 109
2 92 126
1 18 -64327636
1 103 670576623
2 136 15
2 163 136
2 75 53
2 101 110
2 67 1
2 153 186
1 189 29279834
2 176 200
1 112 -355797701
1 15 -857147880
1 186 -231693999
2 141 112
2 84 149
2 149 31
2 138 138
1 165 12877929
1 87 400708735
2 167 73
2 117 156
2 141 47
1 88 -186891433
2 82 102
