50 80 100
37 24 561625539
17 14 881472569
28 6 448468069
29 30 -345562069
5 29 -77479480
13 1 967949761
43 45 -813457796
35 41 301946473
34 5 780024567
4 39 270978212
8 30 634081110
12 4 -811023920
1 23 259560629
15 44 -70279265
18 47 -506830895
29 31 -173701073
24 47 -847545901
32 44 -667776310
29 50 -287712038
2 29 581235131
44 30 443946163
43 40 25561439
47 49 -441939244
12 39 -789246440
45 27 278647991
22 18 -64368954
7 20 -879632872
50 9 -43526874
14 25 762817668
18 13 -903241066
35 28 -486333348
24 22 194732594
47 13 289477637
8 9 812773129
39 47 612414997
42 21 635946307
26 19 22979277
25 29 411884067
1 38 422986315
2 25 -464676057
21 41 -322853476
45 32 24514970
44 12 615958210
35 11 -132625041
39 10 -240695369
20 6 52501063
31 42 773626937
40 21 291846936
2 27 44011487
32 43 313433797
10 42 402935309
32 30 -329499893
21 45 -535914598
48 36 -194849410
5 14 499345162
50 22 421397813
46 48 435317373
4 19 896644990
27 36 -355176663
25 41 629737440
33 23 399672659
12 7 -729948760
25 17 462896229
31 23 126636519
33 5 -929941736
44 13 -567292950
50 8 844374609
48 35 413473179
33 29 53963665
34 18 -692526280
45 10 900929170
40 6 842291341
25 23 -487395624
7 17 -52775777
6 2 -669213660
36 42 407872909
19 21 68036359
37 47 -59310281
35 26 720527330
14 41 -154759724
1 18 -169697076
2 7 39
1 39 130369735
2 3 11
1 34 525837495
2 37 40
1 27 537079716
1 69 783738426
2 43 14
1 41 192349392
2 49 5
2 47 11
2 45 14
2 18 14
2 49 4
1 29 -421801138
1 4 43404247
1 25 -215345990
1 73 -999340440
1 63 736934332
2 45 24
2 17 1
2 1 33
2 6 39
1 56 579869178
2 13 5
1 15 846594905
2 9 5
2 18 12
2 14 7
2 33 38
1 80 395997102
1 73 466962874
2 21 10
1 18 964734475
1 76 -768705689
2 19 47
2 37 20
1 64 519798199
1 14 -100723716
1 2 -178040106
1 29 -517546139
2 45 15
1 45 -243474935
1 8 586409783
1 28 551265482
1 28 -385455481
2 4 28
1 23 535243596
2 48 21
2 7 26
2 25 11
1 13 -549905559
1 16 -967310304
1 2 -302133313
1 25 247698032
2 43 33
2 15 41
2 14 2
2 31 44
2 47 45
2 33 31
1 26 -405608555
2 31 43
2 26 6
2 16 42
1 18 -155257500
2 40 14
2 29 3
1 71 -761007217
2 32 20
2 1 14
2 23 35
2 40 20
2 46 24
2 14 19
2 26 41
2 1 2
2 3 39
1 42 843882727
1 38 517268836
1 5 -440716955
1 6 -514660940
1 7 -357393349
1 41 401330232
1 61 -897323576
2 38 31
2 40 6
2 9 23
1 6 -465776
2 30 33
1 51 -967986214
2 9 19
2 38 33
1 63 868582493
2 31 11
1 44 -461550578
1 33 -928907159
2 22 41
1 6 115670045
