150 200 150
85 71 -952828044
99 145 615276206
32 5 21056159
27 30 -822679994
39 41 -531012476
132 104 -141228429
63 128 -319768882
138 7 345994448
99 72 697308314
75 49 -25101767
66 27 716545974
68 69 -268205547
23 35 -27707059
124 138 -932815321
73 79 196498894
53 33 658205977
87 60 47912794
124 66 789232542
13 3 517645454
138 95 883487113
64 130 -512167
21 14 -488687232
65 132 -118750238
136 97 -680118562
94 105 -520538685
73 61 -462816946
123 4 887940646
73 67 -939670300
47 39 -484667089
64 71 58112868
65 48 -247062201
121 141 -502766025
22 140 -693209429
3 106 973780898
50 109 -867604584
143 57 206240123
127 133 679616584
78 4 -16180539
148 36 -65978435
69 72 -869124998
12 65 347379494
75 56 -24604533
2 51 842012910
64 104 882194558
108 87 -769416244
122 9 324024666
1 75 -956345182
47 119 756170638
113 10 106949996
5 72 249697261
55 148 736238203
16 97 -415108261
67 114 401731735
6 68 -226470666
142 107 -64966045
21 69 -318336048
92 124 -438495119
4 50 281038817
14 29 -52430946
34 38 481863353
115 141 466938949
57 128 -834645676
89 13 251333372
64 132 -707369347
150 19 -181527435
108 127 965396228
28 112 909246715
23 70 -472057585
71 55 -266209075
109 68 712987942
47 77 -542234899
101 144 694211250
88 54 -574780925
91 14 -716613957
63 69 344350024
119 61 770129808
82 125 688447745
134 91 -629854300
129 103 -600519423
7 123 829165961
35 41 773532642
55 31 257638294
134 129 342452656
149 126 -792927408
71 99 -128243226
69 50 -438283976
53 47 98786444
83 97 -315964301
82 83 155428469
45 66 686356479
45 115 -663354693
36 11 -245884715
25 145 -618637035
86 47 -444851487
79 101 859405193
108 136 587857413
131 29 -129861967
55 97 402145072
69 147 626841184
34 87 -471627138
72 60 516952032
19 148 910758581
76 93 338433287
146 125 419757421
97 134 -728048921
42 146 -683388646
123 84 -105951099
79 14 378095259
83 105 239784956
139 136 124090221
31 25 504603436
110 21 263111514
71 106 725553024
134 52 780173712
98 107 859561641
107 71 -864658473
37 67 -704701272
70 83 -597953815
134 118 -519595476
70 25 -123956343
132 136 -269943561
147 106 -234181873
43 45 535985256
21 80 -123941571
25 139 -270322017
121 39 -400897981
87 27 -890767197
5 116 -545328123
40 20 -917699832
8 110 756230474
77 137 182182558
66 16 698737983
72 119 125321688
122 64 -745372345
91 94 604072100
137 140 263303164
4 18 -250549059
45 24 489352271
37 44 455359895
77 90 104077314
40 144 236605413
130 2 974965252
3 28 -876213755
17 68 -267897788
101 100 22052732
118 147 973849798
12 72 -917808540
140 106 -524513553
1 63 542831538
24 1 -328406454
144 18 -22341054
54 123 -510131317
12 140 -565135468
78 34 63953364
25 76 -144289781
32 53 205814779
27 64 -508289060
124 38 -118962919
33 123 -769973171
87 89 937241202
38 31 -888137910
149 133 524871166
82 55 736344036
11 105 -181483915
25 97 -567429677
70 116 703797259
86 7 57630842
122 7 930011540
122 77 559083623
12 110 872751199
66 81 21865678
139 121 -123721248
56 149 96631819
1 19 -100255506
27 145 -894895121
85 31 583434739
108 22 -510404100
57 150 -400538317
52 123 303332923
137 110 47621015
55 37 -338870230
79 77 -734615866
123 104 161259797
48 36 -34704875
58 95 356775252
26 143 -828448983
143 105 -322194736
30 59 -865075375
143 4 -761858674
134 46 -918044382
79 99 492059944
43 55 58941070
61 147 -647440747
97 22 -891994771
118 12 31876053
136 23 660697753
37 146 -584781249
127 26 -242562635
29 9 611927401
90 9 -834115411
2 141 74
2 48 12
2 91 122
2 128 140
2 14 132
2 43 119
2 70 28
2 29 112
2 1 22
2 124 119
2 40 3
2 30 14
2 98 85
2 135 144
2 1 125
2 44 81
2 41 101
2 57 74
2 118 98
2 116 89
2 22 5
2 124 76
2 55 127
2 45 53
2 93 3
2 82 8
2 107 34
2 33 8
2 67 113
2 76 98
2 145 63
2 100 24
2 27 10
2 16 133
2 64 134
2 76 35
2 100 84
2 124 53
2 75 5
2 33 146
2 63 53
2 137 96
2 106 72
2 27 34
2 59 85
2 6 89
2 58 83
2 29 3
2 95 17
2 87 113
2 14 23
2 85 24
2 143 67
2 148 74
2 105 58
2 50 85
2 47 3
2 83 135
2 92 103
2 19 40
2 107 139
2 82 45
2 144 71
2 11 33
2 142 112
2 112 32
2 30 130
2 21 53
2 84 19
2 72 13
2 87 56
2 85 30
2 58 65
2 72 12
2 87 7
2 87 26
2 148 76
2 141 15
2 144 145
2 79 93
2 62 94
2 111 71
2 4 117
2 140 6
2 138 93
2 139 87
2 100 92
2 108 10
2 40 52
2 5 136
2 46 77
2 143 27
2 67 15
2 27 126
2 98 72
2 53 46
2 99 140
2 9 32
2 41 53
2 51 102
2 139 79
2 140 96
2 36 52
2 69 73
2 14 89
2 137 26
2 59 73
2 103 46
2 12 43
2 17 94
2 80 132
2 77 143
2 97 93
2 150 101
2 118 56
2 95 81
2 2 1
2 27 89
2 39 120
2 116 40
2 38 33
2 70 100
2 21 135
2 84 117
2 84 64
2 76 37
2 121 132
2 21 81
2 126 134
2 114 27
2 106 4
2 150 107
2 51 57
2 135 39
2 119 146
2 14 110
2 96 135
2 77 7
2 55 22
2 33 133
2 142 26
2 54 80
2 113 128
2 62 19
2 146 12
2 130 15
2 105 3
2 98 18
2 67 12
2 13 9
