2000 2000 2000
1 2 -194160000
1 3 981643710
1 4 -697848452
1 5 983906678
1 6 -539412837
1 7 845692322
1 8 -542697918
1 9 125000206
1 10 -296018535
1 11 288375864
1 12 -194931936
1 13 980013246
1 14 -686742014
1 15 141110009
1 16 -832621181
1 17 644326725
1 18 -702613702
1 19 296577953
1 20 -704717686
1 21 976999147
1 22 -763743237
1 23 824540010
1 24 -494344904
1 25 734820855
1 26 -606170154
1 27 775698349
1 28 -114326280
1 29 423576171
1 30 -961808497
1 31 7599519
1 32 -616706784
1 33 669546661
1 34 -177985485
1 35 488016036
1 36 -132651817
1 37 744735427
1 38 -106072710
1 39 114168510
1 40 -60276649
1 41 872768952
1 42 -127931954
1 43 131528418
1 44 -422381769
1 45 907632371
1 46 -667362512
1 47 206761053
1 48 -634729885
1 49 962062055
1 50 -263627671
1 51 964741230
1 52 -52907496
1 53 119544582
1 54 -512380745
1 55 631038166
1 56 -618955725
1 57 288476785
1 58 -643880180
1 59 104205914
1 60 -821567455
1 61 876529180
1 62 -685894952
1 63 291335591
1 64 -135852933
1 65 789195368
1 66 -878377531
1 67 988718478
1 68 -137352453
1 69 90394065
1 70 -830247020
1 71 135065193
1 72 -211108110
1 73 488207424
1 74 -35600346
1 75 573575563
1 76 -747667416
1 77 672368346
1 78 -482198584
1 79 798895883
1 80 -533311734
1 81 678202078
1 82 -981053018
1 83 609127129
1 84 -943961986
1 85 693066838
1 86 -91181691
1 87 660433250
1 88 -425592154
1 89 437707675
1 90 -723799508
1 91 822360047
1 92 -570035876
1 93 238170021
1 94 -530704969
1 95 807039557
1 96 -32141100
1 97 798398141
1 98 -274458406
1 99 995004751
1 100 -357882555
1 101 37906108
1 102 -335855868
1 103 595900080
1 104 -424485346
1 105 869828608
1 106 -26400699
1 107 827892091
1 108 -787298561
1 109 791346583
1 110 -478113656
1 111 858488672
1 112 -285352607
1 113 944532392
1 114 -120458308
1 115 227301494
1 116 -184245904
1 117 277507066
1 118 -23642904
1 119 803688984
1 120 -305097397
1 121 377156939
1 122 -16253025
1 123 261315944
1 124 -995514642
1 125 243586856
1 126 -683657257
1 127 355568636
1 128 -824775823
1 129 965135659
1 130 -473960663
1 131 515122814
1 132 -909742577
1 133 748087534
1 134 -40013997
1 135 580732851
1 136 -616555278
1 137 37868528
1 138 -749712114
1 139 955356730
1 140 -282393143
1 141 144771241
1 142 -122661712
1 143 275180120
1 144 -67589959
1 145 561372204
1 146 -825541373
1 147 797508570
1 148 -883371000
1 149 950193460
1 150 -46028053
1 151 263374618
1 152 -707773445
1 153 798124899
1 154 -67593048
1 155 542739194
1 156 -679711176
1 157 905872445
1 158 -469164005
1 159 922534345
1 160 -869486752
1 161 657997784
1 162 -796834767
1 163 959379163
1 164 -581051420
1 165 816885190
1 166 -553773599
1 167 257711470
1 168 -907531846
1 169 722745628
1 170 -137083997
1 171 902610416
1 172 -530448093
1 173 125221859
1 174 -846760773
1 175 114309888
1 176 -919525643
1 177 378515422
1 178 -894039605
1 179 612515486
1 180 -104135367
1 181 591785520
1 182 -409940259
1 183 729651154
1 184 -483705861
1 185 455306568
1 186 -136120202
1 187 319785991
1 188 -826642438
1 189 59467104
1 190 -307085373
1 191 375456666
1 192 -775904504
1 193 771903983
1 194 -993848784
1 195 525362394
1 196 -396064448
1 197 427470112
1 198 -509767797
1 199 558828640
1 200 -11171576
1 201 647281298
1 202 -33075570
1 203 374881789
1 204 -364506161
1 205 957941845
1 206 -457535710
1 207 473907298
1 208 -855896466
1 209 463791214
1 210 -486155974
1 211 498436062
1 212 -474108153
1 213 656660991
1 214 -31068051
1 215 207323152
1 216 -673135612
1 217 778559442
1 218 -880845963
1 219 617021847
1 220 -954318228
1 221 246310103
1 222 -179236461
1 223 741194787
1 224 -175863153
1 225 270285104
1 226 -152082550
1 227 711047297
1 228 -821344472
1 229 656768924
1 230 -818825809
1 231 721044937
1 232 -654272529
1 233 790618173
1 234 -508649083
1 235 977321923
1 236 -648250028
1 237 529512525
1 238 -216463791
1 239 679542201
1 240 -12038088
1 241 288609023
1 242 -16782716
1 243 486665808
1 244 -713654202
1 245 768095257
1 246 -220226649
1 247 547361924
1 248 -695454923
1 249 349435466
1 250 -293532872
1 251 572801259
1 252 -798853169
1 253 353063775
1 254 -731557913
1 255 351644192
1 256 -494948317
1 257 838928413
1 258 -554168899
1 259 839347190
1 260 -793472175
1 261 905024818
1 262 -844242663
1 263 748353537
1 264 -432872949
1 265 514605796
1 266 -437807980
1 267 881553770
1 268 -455161455
1 269 674773430
1 270 -15682725
1 271 511931608
1 272 -348932315
1 273 698026960
1 274 -100658206
1 275 626589366
1 276 -798281779
1 277 106448451
1 278 -20098746
1 279 438891868
1 280 -272478455
1 281 484630359
1 282 -257594735
1 283 123537503
1 284 -618735283
1 285 496115088
1 286 -102928929
1 287 496807221
1 288 -920461865
1 289 81876083
1 290 -25708839
1 291 73351858
1 292 -926066757
1 293 947260377
1 294 -669439452
1 295 671822496
1 296 -27147141
1 297 502157034
1 298 -285017379
1 299 986998068
1 300 -701310376
1 301 840447267
1 302 -843882326
1 303 990169820
1 304 -637830162
1 305 10004840
1 306 -700779424
1 307 950998589
1 308 -918483710
1 309 427340576
1 310 -85059077
1 311 169567470
1 312 -926834166
1 313 730655845
1 314 -997357303
1 315 849805928
1 316 -240588950
1 317 795338242
1 318 -195479950
1 319 624570683
1 320 -464114884
1 321 292656378
1 322 -179280000
1 323 62776339
1 324 -728140904
1 325 192665921
1 326 -836828467
1 327 547206899
1 328 -698732277
1 329 752278197
1 330 -219654494
1 331 854527627
1 332 -953459971
1 333 461404130
1 334 -84527222
1 335 891535591
1 336 -903869377
1 337 284637895
1 338 -995838476
1 339 534943631
1 340 -925882452
1 341 682924252
1 342 -480453468
1 343 560434094
1 344 -540968840
1 345 220855789
1 346 -505167455
1 347 283073623
1 348 -487322900
1 349 553719420
1 350 -591130682
1 351 661856722
1 352 -8891125
1 353 974838102
1 354 -972939325
1 355 374049336
1 356 -23567915
1 357 511743271
1 358 -884731226
1 359 242597704
1 360 -114076356
1 361 558138650
1 362 -647308902
1 363 176231584
1 364 -115330518
1 365 13761237
1 366 -259804616
1 367 885635759
1 368 -252485975
1 369 910512930
1 370 -700720060
1 371 385331918
1 372 -146569280
1 373 534210629
1 374 -661922311
1 375 972517375
1 376 -693476496
1 377 163143377
1 378 -366387204
1 379 376605968
1 380 -801961430
1 381 440427400
1 382 -653935298
1 383 656406869
1 384 -5306806
1 385 585749262
1 386 -821550382
1 387 758278559
1 388 -786600986
1 389 60210725
1 390 -738234730
1 391 289382869
1 392 -412217907
1 393 887468180
1 394 -703134513
1 395 141692259
1 396 -820066791
1 397 456912744
1 398 -319358073
1 399 907855127
1 400 -365832016
1 401 982810563
1 402 -849669184
1 403 888086434
1 404 -452252325
1 405 784468672
1 406 -568304837
1 407 769176768
1 408 -107684956
1 409 455584113
1 410 -817336529
1 411 448729645
1 412 -699817262
1 413 192798044
1 414 -855382124
1 415 187681020
1 416 -740003638
1 417 769450702
1 418 -404589350
1 419 312201469
1 420 -21885602
1 421 401649129
1 422 -135445959
1 423 789357032
1 424 -8135230
1 425 103214439
1 426 -266079529
1 427 614506743
1 428 -205923329
1 429 440949293
1 430 -227220440
1 431 490011507
1 432 -800123769
1 433 506415015
1 434 -207638714
1 435 58479503
1 436 -557119854
1 437 155910923
1 438 -139085299
1 439 552334044
1 440 -100623446
1 441 470012782
1 442 -433816735
1 443 112756586
1 444 -807751780
1 445 202314927
1 446 -690425074
1 447 241039216
1 448 -379898651
1 449 606777618
1 450 -912158299
1 451 597483210
1 452 -773589690
1 453 479385178
1 454 -299382031
1 455 295846537
1 456 -929910840
1 457 31437818
1 458 -81322098
1 459 460377716
1 460 -264974728
1 461 486430815
1 462 -758600640
1 463 207701879
1 464 -782914739
1 465 453949044
1 466 -753269139
1 467 291975101
1 468 -967845654
1 469 230200210
1 470 -239801396
1 471 474100237
1 472 -980920135
1 473 853345757
1 474 -802015998
1 475 901793812
1 476 -423658491
1 477 130375215
1 478 -953990004
1 479 355966502
1 480 -100816741
1 481 728415240
1 482 -987540404
1 483 885231846
1 484 -581400091
1 485 276801914
1 486 -523726269
1 487 146977315
1 488 -653367982
1 489 927150985
1 490 -843461760
1 491 117109228
1 492 -992979324
1 493 358798398
1 494 -867992033
1 495 775602388
1 496 -843148267
1 497 365292440
1 498 -911375822
1 499 937773147
1 500 -674803710
1 501 926281904
1 502 -716665400
1 503 654166057
1 504 -692224077
1 505 11033750
1 506 -801347801
1 507 63767569
1 508 -227707990
1 509 281172005
1 510 -445699562
1 511 950703532
1 512 -646900104
1 513 926480669
1 514 -669195001
1 515 227863656
1 516 -131657982
1 517 636097339
1 518 -771436605
1 519 745626605
1 520 -888411493
1 521 272127630
1 522 -299955482
1 523 422663522
1 524 -45112818
1 525 167593565
1 526 -441663448
1 527 222258552
1 528 -93409361
1 529 639749409
1 530 -310311937
1 531 455918066
1 532 -351301403
1 533 222411016
1 534 -398510416
1 535 680068566
1 536 -725154776
1 537 281203940
1 538 -169817896
1 539 658631147
1 540 -5019481
1 541 426683954
1 542 -768567582
1 543 787224443
1 544 -558289827
1 545 538664352
1 546 -648280603
1 547 367988407
1 548 -84099
1 549 574564935
1 550 -137731138
1 551 352706428
1 552 -56219583
1 553 146543195
1 554 -409018869
1 555 668298373
1 556 -253998150
1 557 95676415
1 558 -951254988
1 559 695332475
1 560 -789744620
1 561 175913985
1 562 -965307952
1 563 238594441
1 564 -179923829
1 565 174568802
1 566 -798317457
1 567 565156740
1 568 -97530823
1 569 37746604
1 570 -390151401
1 571 846287298
1 572 -63995910
1 573 908212985
1 574 -265072354
1 575 26036052
1 576 -759816835
1 577 549744551
1 578 -514248438
1 579 990662253
1 580 -597901018
1 581 670274230
1 582 -67595636
1 583 737551416
1 584 -270272004
1 585 198405163
1 586 -929923938
1 587 393029640
1 588 -752845623
1 589 273403151
1 590 -226976528
1 591 48292371
1 592 -370285545
1 593 407915470
1 594 -533699784
1 595 342623907
1 596 -97728760
1 597 331363779
1 598 -325963151
1 599 330441728
1 600 -58417887
1 601 292701758
1 602 -932578688
1 603 593199012
1 604 -738958146
1 605 183794555
1 606 -898742645
1 607 153000543
1 608 -929700992
1 609 219159086
1 610 -426291948
1 611 114708706
1 612 -974475454
1 613 313567844
1 614 -290491565
1 615 650925195
1 616 -93209960
1 617 434490596
1 618 -541239695
1 619 713685278
1 620 -562729952
1 621 238649649
1 622 -720259288
1 623 655523033
1 624 -985139516
1 625 398336791
1 626 -561827201
1 627 26627826
1 628 -272632845
1 629 554919758
1 630 -731957215
1 631 845548673
1 632 -829214073
1 633 939577121
1 634 -405135048
1 635 311321792
1 636 -877322125
1 637 251588292
1 638 -764475300
1 639 361060166
1 640 -476903904
1 641 607049320
1 642 -682819225
1 643 699135997
1 644 -828070463
1 645 935855441
1 646 -855496619
1 647 422747338
1 648 -43193545
1 649 10689491
1 650 -90262257
1 651 483365187
1 652 -433626165
1 653 557912366
1 654 -416428
1 655 633698512
1 656 -432805446
1 657 249524542
1 658 -55727129
1 659 744866170
1 660 -283605917
1 661 140948637
1 662 -490824288
1 663 424632433
1 664 -474120266
1 665 480260491
1 666 -102091751
1 667 225362001
1 668 -116912750
1 669 888258335
1 670 -384026159
1 671 213096094
1 672 -321907493
1 673 62653465
1 674 -184534346
1 675 501954693
1 676 -646750733
1 677 28877475
1 678 -567640829
1 679 109970397
1 680 -868355611
1 681 922594954
1 682 -617625868
1 683 14296919
1 684 -705783922
1 685 995516387
1 686 -683172542
1 687 373607721
1 688 -218707529
1 689 632318715
1 690 -329083996
1 691 918634002
1 692 -661358068
1 693 770565765
1 694 -911544450
1 695 273698232
1 696 -120818921
1 697 634869937
1 698 -684075154
1 699 222089974
1 700 -843915876
1 701 778516577
1 702 -786020604
1 703 676694003
1 704 -276525509
1 705 687417958
1 706 -456309847
1 707 39272917
1 708 -175398634
1 709 942535723
1 710 -509287807
1 711 915631409
1 712 -972886455
1 713 615798779
1 714 -659952366
1 715 122167143
1 716 -686855581
1 717 869719138
1 718 -438707474
1 719 710554224
1 720 -23544671
1 721 675946747
1 722 -459021096
1 723 99334842
1 724 -566050100
1 725 987478957
1 726 -704382113
1 727 26339249
1 728 -1070318
1 729 680115637
1 730 -900199787
1 731 906348442
1 732 -440428070
1 733 357429692
1 734 -956460493
1 735 307787114
1 736 -282175256
1 737 809046243
1 738 -361654181
1 739 1246933
1 740 -68338387
1 741 374939733
1 742 -522552580
1 743 669907115
1 744 -509048002
1 745 352535487
1 746 -317860649
1 747 558267640
1 748 -921289458
1 749 641377163
1 750 -788072406
1 751 336920182
1 752 -696151869
1 753 256129248
1 754 -618403757
1 755 324497291
1 756 -204126298
1 757 677167911
1 758 -40624232
1 759 18800394
1 760 -96595995
1 761 208238387
1 762 -405567405
1 763 999543107
1 764 -607760009
1 765 315713834
1 766 -308689441
1 767 826794572
1 768 -27123184
1 769 158166426
1 770 -280739546
1 771 995260777
1 772 -894705942
1 773 437769740
1 774 -445223019
1 775 386904548
1 776 -149242539
1 777 181476545
1 778 -530659159
1 779 944269083
1 780 -191342774
1 781 913093802
1 782 -72080535
1 783 856198137
1 784 -965087771
1 785 151184969
1 786 -956021413
1 787 254195937
1 788 -151759456
1 789 169654082
1 790 -715847158
1 791 879961107
1 792 -704958177
1 793 482584307
1 794 -864439103
1 795 293228453
1 796 -526703572
1 797 371311626
1 798 -548563593
1 799 315811370
1 800 -610509627
1 801 327799374
1 802 -764304787
1 803 879881546
1 804 -561851916
1 805 20152260
1 806 -174165116
1 807 783189694
1 808 -5107967
1 809 328925040
1 810 -280289009
1 811 230787761
1 812 -360198029
1 813 33162444
1 814 -850520704
1 815 540805315
1 816 -918158897
1 817 515225804
1 818 -643949991
1 819 528601330
1 820 -746969597
1 821 251728116
1 822 -454564710
1 823 912187653
1 824 -986537872
1 825 194190024
1 826 -761210870
1 827 124424740
1 828 -863526529
1 829 880246501
1 830 -480927009
1 831 949417712
1 832 -696198082
1 833 279271106
1 834 -618300505
1 835 774572201
1 836 -130206691
1 837 675545132
1 838 -616461625
1 839 226817034
1 840 -968442802
1 841 894575604
1 842 -248156030
1 843 528682173
1 844 -725153117
1 845 846033350
1 846 -322442895
1 847 7844813
1 848 -775076075
1 849 365178562
1 850 -235682522
1 851 111170230
1 852 -903891275
1 853 116875678
1 854 -393206272
1 855 972722121
1 856 -301878128
1 857 734927815
1 858 -378594501
1 859 102386025
1 860 -327547982
1 861 30725301
1 862 -32379747
1 863 395179744
1 864 -489081024
1 865 813680214
1 866 -760644815
1 867 900531471
1 868 -825258772
1 869 351637161
1 870 -704093491
1 871 403278010
1 872 -200483806
1 873 786341621
1 874 -688512355
1 875 565352001
1 876 -682312461
1 877 959926423
1 878 -363167033
1 879 147266648
1 880 -445079605
1 881 720424018
1 882 -609208463
1 883 488485257
1 884 -863488168
1 885 448793618
1 886 -990282981
1 887 689892203
1 888 -948876350
1 889 708731343
1 890 -974970248
1 891 269366603
1 892 -663553296
1 893 533065826
1 894 -950246409
1 895 33778806
1 896 -251362514
1 897 605140188
1 898 -334407161
1 899 944466014
1 900 -637887366
1 901 292952439
1 902 -742530020
1 903 980658135
1 904 -69483814
1 905 399090254
1 906 -495668772
1 907 595945223
1 908 -280461020
1 909 21006251
1 910 -256229585
1 911 112022723
1 912 -359512146
1 913 430021911
1 914 -875358461
1 915 266917425
1 916 -929758582
1 917 981452852
1 918 -890029624
1 919 518557549
1 920 -380565755
1 921 494825519
1 922 -829496595
1 923 811086440
1 924 -688615183
1 925 795762858
1 926 -836821280
1 927 48897258
1 928 -935770040
1 929 59327189
1 930 -162130652
1 931 452476498
1 932 -14145845
1 933 566920624
1 934 -629414143
1 935 984857483
1 936 -8711935
1 937 413659568
1 938 -938451036
1 939 322162761
1 940 -822521335
1 941 753346723
1 942 -40272229
1 943 702499308
1 944 -642726289
1 945 210480339
1 946 -651283603
1 947 798897956
1 948 -281490025
1 949 169712709
1 950 -608221050
1 951 372372987
1 952 -473790154
1 953 334945923
1 954 -791690653
1 955 310668331
1 956 -33665714
1 957 5997482
1 958 -234952067
1 959 840534509
1 960 -726843488
1 961 886977152
1 962 -667684871
1 963 910529016
1 964 -932479491
1 965 120392614
1 966 -756050658
1 967 513416230
1 968 -96500784
1 969 964350061
1 970 -504606779
1 971 206960888
1 972 -908935897
1 973 53396117
1 974 -689718377
1 975 331440091
1 976 -155698668
1 977 151225794
1 978 -633672788
1 979 290415262
1 980 -418575834
1 981 181234238
1 982 -187988147
1 983 17102548
1 984 -134308908
1 985 859870089
1 986 -635444007
1 987 702365318
1 988 -757449927
1 989 136711968
1 990 -573889544
1 991 401866229
1 992 -122921812
1 993 982260475
1 994 -894738684
1 995 838915769
1 996 -113720486
1 997 709651509
1 998 -942141922
1 999 475778304
1 1000 -664019606
1 1001 455145224
1 1002 -920581068
1 1003 109838980
1 1004 -729269120
1 1005 421080878
1 1006 -299860449
1 1007 602505054
1 1008 -924804992
1 1009 450351017
1 1010 -306916399
1 1011 538987406
1 1012 -172498677
1 1013 697236620
1 1014 -526090978
1 1015 774570186
1 1016 -294535654
1 1017 955741594
1 1018 -430272346
1 1019 587535265
1 1020 -101275264
1 1021 994481238
1 1022 -265477121
1 1023 681109402
1 1024 -680230484
1 1025 97357963
1 1026 -508018914
1 1027 641567578
1 1028 -885343402
1 1029 504246326
1 1030 -427561301
1 1031 158282730
1 1032 -348920015
1 1033 657376012
1 1034 -159608988
1 1035 67805599
1 1036 -71560210
1 1037 45140646
1 1038 -31627163
1 1039 740552690
1 1040 -64910986
1 1041 483969434
1 1042 -170632616
1 1043 995950845
1 1044 -53247795
1 1045 461088989
1 1046 -493707680
1 1047 249177684
1 1048 -247631919
1 1049 946560183
1 1050 -479453831
1 1051 895807140
1 1052 -412143069
1 1053 45267098
1 1054 -883168540
1 1055 546608953
1 1056 -312350189
1 1057 441911846
1 1058 -510477971
1 1059 683310310
1 1060 -960160727
1 1061 896359661
1 1062 -443145056
1 1063 69957880
1 1064 -352423565
1 1065 728916210
1 1066 -574474230
1 1067 7882873
1 1068 -69349899
1 1069 748692419
1 1070 -486367416
1 1071 696543968
1 1072 -843520000
1 1073 66003192
1 1074 -996161773
1 1075 41664911
1 1076 -600713360
1 1077 277822596
1 1078 -448128802
1 1079 357585168
1 1080 -648842433
1 1081 346509843
1 1082 -916979363
1 1083 505894917
1 1084 -108142571
1 1085 776840309
1 1086 -851577575
1 1087 590273170
1 1088 -342001610
1 1089 801823147
1 1090 -82454092
1 1091 711967956
1 1092 -697984838
1 1093 532737326
1 1094 -220895035
1 1095 225653603
1 1096 -430004930
1 1097 636244496
1 1098 -699040330
1 1099 486355174
1 1100 -468375653
1 1101 999894946
1 1102 -304440158
1 1103 538583460
1 1104 -631468763
1 1105 645899379
1 1106 -408726389
1 1107 755583480
1 1108 -640537030
1 1109 256783890
1 1110 -94175370
1 1111 751170294
1 1112 -172521065
1 1113 540604308
1 1114 -209582529
1 1115 783653070
1 1116 -687132825
1 1117 287893034
1 1118 -232066398
1 1119 683690129
1 1120 -510972496
1 1121 229714615
1 1122 -571580594
1 1123 263293332
1 1124 -270491334
1 1125 921188800
1 1126 -305963873
1 1127 92855014
1 1128 -949018276
1 1129 397710595
1 1130 -51059395
1 1131 267881608
1 1132 -872892902
1 1133 969533889
1 1134 -788046251
1 1135 69746068
1 1136 -994076584
1 1137 857569909
1 1138 -126434293
1 1139 92777335
1 1140 -820896965
1 1141 119680297
1 1142 -400337225
1 1143 493132750
1 1144 -78364374
1 1145 264178240
1 1146 -173761400
1 1147 426025235
1 1148 -171967669
1 1149 331018760
1 1150 -644857189
1 1151 394654834
1 1152 -587703343
1 1153 546528053
1 1154 -937799803
1 1155 936297762
1 1156 -530207855
1 1157 623171286
1 1158 -98646631
1 1159 757022355
1 1160 -136689002
1 1161 477404053
1 1162 -789504541
1 1163 285149880
1 1164 -532978784
1 1165 614187256
1 1166 -974621614
1 1167 347718845
1 1168 -790660471
1 1169 378185526
1 1170 -853533215
1 1171 480645730
1 1172 -766398824
1 1173 529613978
1 1174 -820815583
1 1175 800650681
1 1176 -780095474
1 1177 972249943
1 1178 -208740825
1 1179 920924951
1 1180 -194768130
1 1181 37330636
1 1182 -129865891
1 1183 223569893
1 1184 -516580321
1 1185 768249069
1 1186 -63119704
1 1187 303497069
1 1188 -657263866
1 1189 46986434
1 1190 -843275560
1 1191 847359492
1 1192 -100363433
1 1193 448409076
1 1194 -521562709
1 1195 764315440
1 1196 -889221795
1 1197 352258471
1 1198 -407170008
1 1199 29406083
1 1200 -190752640
1 1201 96113695
1 1202 -346921771
1 1203 352485249
1 1204 -396590917
1 1205 868403316
1 1206 -494599679
1 1207 528021099
1 1208 -273740901
1 1209 942850628
1 1210 -147908703
1 1211 87711679
1 1212 -25549863
1 1213 501899094
1 1214 -31012760
1 1215 973701839
1 1216 -874510097
1 1217 630039160
1 1218 -699142069
1 1219 260941939
1 1220 -646950681
1 1221 493496909
1 1222 -191169243
1 1223 992326222
1 1224 -963673067
1 1225 36065768
1 1226 -697147514
1 1227 711749087
1 1228 -280701249
1 1229 510090012
1 1230 -959435701
1 1231 507018639
1 1232 -185067347
1 1233 589030838
1 1234 -831387265
1 1235 84353301
1 1236 -4179993
1 1237 811335346
1 1238 -133341186
1 1239 124656659
1 1240 -238527967
1 1241 443172331
1 1242 -918511325
1 1243 952744082
1 1244 -36642832
1 1245 274385321
1 1246 -582817612
1 1247 802719085
1 1248 -953440573
1 1249 140568814
1 1250 -165135533
1 1251 580286013
1 1252 -128439476
1 1253 375708199
1 1254 -401991183
1 1255 848646462
1 1256 -218436655
1 1257 551164868
1 1258 -864926012
1 1259 237969692
1 1260 -327017272
1 1261 447272976
1 1262 -245134971
1 1263 525932300
1 1264 -586177319
1 1265 746166054
1 1266 -409772342
1 1267 912804533
1 1268 -431934267
1 1269 399199266
1 1270 -145388410
1 1271 473000599
1 1272 -315266904
1 1273 129303897
1 1274 -41749097
1 1275 290141735
1 1276 -740233642
1 1277 843027205
1 1278 -258298951
1 1279 90473735
1 1280 -191666250
1 1281 349725919
1 1282 -367567336
1 1283 513493111
1 1284 -250902273
1 1285 379505939
1 1286 -833881342
1 1287 926041684
1 1288 -293753827
1 1289 900120640
1 1290 -472843321
1 1291 162337477
1 1292 -804672461
1 1293 852166859
1 1294 -403924414
1 1295 888900644
1 1296 -751320606
1 1297 862286094
1 1298 -569930751
1 1299 508739031
1 1300 -916940075
1 1301 499939102
1 1302 -845228158
1 1303 264459992
1 1304 -404662748
1 1305 733891617
1 1306 -211704292
1 1307 483229610
1 1308 -385144914
1 1309 695697472
1 1310 -171070770
1 1311 756332082
1 1312 -706173809
1 1313 238708551
1 1314 -355073415
1 1315 602491059
1 1316 -152832398
1 1317 400535680
1 1318 -130241298
1 1319 577183110
1 1320 -31988649
1 1321 383240602
1 1322 -328668893
1 1323 706235320
1 1324 -484627166
1 1325 154847230
1 1326 -561998269
1 1327 650212924
1 1328 -160995756
1 1329 252367055
1 1330 -353328222
1 1331 145648943
1 1332 -379859710
1 1333 447781781
1 1334 -983026252
1 1335 925963806
1 1336 -281218835
1 1337 500073896
1 1338 -802928341
1 1339 575092057
1 1340 -987815683
1 1341 206528830
1 1342 -754497975
1 1343 875525785
1 1344 -224172665
1 1345 627883279
1 1346 -957655292
1 1347 749254539
1 1348 -841870754
1 1349 426814437
1 1350 -857568626
1 1351 51204528
1 1352 -577300920
1 1353 396916771
1 1354 -979278685
1 1355 144649758
1 1356 -559307619
1 1357 111421757
1 1358 -933460777
1 1359 201901127
1 1360 -158167150
1 1361 827475666
1 1362 -973146769
1 1363 317143758
1 1364 -138123587
1 1365 740825988
1 1366 -239183651
1 1367 870627369
1 1368 -560066652
1 1369 565708414
1 1370 -304411493
1 1371 752673775
1 1372 -6149478
1 1373 685077966
1 1374 -261716676
1 1375 534988360
1 1376 -493272593
1 1377 34440568
1 1378 -508104955
1 1379 354876105
1 1380 -577383293
1 1381 325056244
1 1382 -189232150
1 1383 684739750
1 1384 -71291297
1 1385 955657391
1 1386 -4711253
1 1387 372114409
1 1388 -448968698
1 1389 522246249
1 1390 -977235909
1 1391 18878172
1 1392 -481969372
1 1393 473359222
1 1394 -843597449
1 1395 553970014
1 1396 -981431904
1 1397 795369800
1 1398 -171206485
1 1399 498720575
1 1400 -56324149
1 1401 704815025
1 1402 -471837857
1 1403 384776268
1 1404 -420442867
1 1405 467252214
1 1406 -700783318
1 1407 466158602
1 1408 -175176776
1 1409 548576983
1 1410 -991553902
1 1411 861695196
1 1412 -179975750
1 1413 478652372
1 1414 -408739627
1 1415 574902915
1 1416 -124182979
1 1417 318463915
1 1418 -293118588
1 1419 472536551
1 1420 -685788390
1 1421 111156757
1 1422 -969948109
1 1423 654735667
1 1424 -578175158
1 1425 171543291
1 1426 -2125918
1 1427 332080551
1 1428 -511341716
1 1429 147275951
1 1430 -81723649
1 1431 73737838
1 1432 -378196629
1 1433 955956028
1 1434 -379461308
1 1435 115667033
1 1436 -58037630
1 1437 23273313
1 1438 -963255435
1 1439 759020164
1 1440 -876783902
1 1441 628533898
1 1442 -448678982
1 1443 886973697
1 1444 -495225564
1 1445 960562526
1 1446 -652648708
1 1447 789390770
1 1448 -698537205
1 1449 822727175
1 1450 -509290105
1 1451 671754799
1 1452 -822498669
1 1453 18709641
1 1454 -124622611
1 1455 433850756
1 1456 -667849808
1 1457 569130669
1 1458 -821951785
1 1459 695688735
1 1460 -683138645
1 1461 923035311
1 1462 -780239556
1 1463 519458732
1 1464 -360387703
1 1465 868005283
1 1466 -255977229
1 1467 452503199
1 1468 -678751252
1 1469 386425328
1 1470 -207694969
1 1471 797240580
1 1472 -197898000
1 1473 816125111
1 1474 -229298140
1 1475 775300922
1 1476 -711757396
1 1477 208127501
1 1478 -600454416
1 1479 687931696
1 1480 -437029554
1 1481 790662256
1 1482 -128097630
1 1483 604173766
1 1484 -512579317
1 1485 828121946
1 1486 -373640588
1 1487 152145350
1 1488 -54049951
1 1489 626388631
1 1490 -623045068
1 1491 819900626
1 1492 -369517911
1 1493 999640879
1 1494 -391324008
1 1495 102923830
1 1496 -490541036
1 1497 18327305
1 1498 -561267134
1 1499 148203675
1 1500 -250652735
1 1501 204538873
1 1502 -94455153
1 1503 340202595
1 1504 -58301487
1 1505 288192825
1 1506 -681223989
1 1507 689270787
1 1508 -833045333
1 1509 261457970
1 1510 -377801712
1 1511 251901592
1 1512 -240537100
1 1513 806281344
1 1514 -359951318
1 1515 824304044
1 1516 -792442470
1 1517 79637277
1 1518 -452460060
1 1519 230156007
1 1520 -782221841
1 1521 531916891
1 1522 -744842292
1 1523 153508470
1 1524 -275397367
1 1525 110223107
1 1526 -522237312
1 1527 296615216
1 1528 -67310685
1 1529 659613465
1 1530 -741411897
1 1531 802549012
1 1532 -977099379
1 1533 587956590
1 1534 -485712842
1 1535 47091917
1 1536 -645372280
1 1537 888132595
1 1538 -341020617
1 1539 60560181
1 1540 -833749178
1 1541 164851150
1 1542 -281340291
1 1543 50485139
1 1544 -645956617
1 1545 432568427
1 1546 -485978798
1 1547 419348183
1 1548 -581020435
1 1549 772439146
1 1550 -128684054
1 1551 208227908
1 1552 -16778396
1 1553 516889944
1 1554 -254884271
1 1555 537517771
1 1556 -921428129
1 1557 381144079
1 1558 -11348234
1 1559 980917714
1 1560 -591846837
1 1561 959310266
1 1562 -250515488
1 1563 995418774
1 1564 -799712892
1 1565 692685316
1 1566 -556473135
1 1567 66700245
1 1568 -80990460
1 1569 26171337
1 1570 -192986977
1 1571 790282660
1 1572 -897022202
1 1573 738502048
1 1574 -916421853
1 1575 947073146
1 1576 -460931235
1 1577 291754147
1 1578 -49078793
1 1579 249853395
1 1580 -555595917
1 1581 399232651
1 1582 -849768665
1 1583 162791442
1 1584 -466432870
1 1585 48423266
1 1586 -160209444
1 1587 448632228
1 1588 -558847700
1 1589 140448719
1 1590 -797236086
1 1591 401469491
1 1592 -619338195
1 1593 92764738
1 1594 -72732811
1 1595 132235467
1 1596 -386596277
1 1597 922798136
1 1598 -762793487
1 1599 42041740
1 1600 -930043846
1 1601 167045726
1 1602 -577545128
1 1603 776350421
1 1604 -973110709
1 1605 831559658
1 1606 -976903456
1 1607 144012596
1 1608 -801605014
1 1609 210113752
1 1610 -250520095
1 1611 937465004
1 1612 -868945948
1 1613 528312611
1 1614 -199898924
1 1615 632276374
1 1616 -311255003
1 1617 548811237
1 1618 -16156394
1 1619 267569075
1 1620 -678003715
1 1621 194708336
1 1622 -717236373
1 1623 64998345
1 1624 -963234426
1 1625 698558089
1 1626 -774207146
1 1627 477406006
1 1628 -68548477
1 1629 285229474
1 1630 -468173086
1 1631 583042526
1 1632 -413150071
1 1633 456684373
1 1634 -697237278
1 1635 497033049
1 1636 -150800552
1 1637 969298522
1 1638 -922625996
1 1639 544426306
1 1640 -35593767
1 1641 113723134
1 1642 -733743136
1 1643 233651090
1 1644 -124402681
1 1645 317461299
1 1646 -611249482
1 1647 579807266
1 1648 -166301598
1 1649 244927308
1 1650 -619959638
1 1651 146615202
1 1652 -185421728
1 1653 554940696
1 1654 -737760926
1 1655 750225699
1 1656 -170882500
1 1657 144317434
1 1658 -32482820
1 1659 32916722
1 1660 -635075099
1 1661 449120449
1 1662 -88932926
1 1663 766113890
1 1664 -179757592
1 1665 441971291
1 1666 -170026997
1 1667 241146763
1 1668 -775520061
1 1669 677233057
1 1670 -814028291
1 1671 198535990
1 1672 -202841783
1 1673 695963221
1 1674 -789263067
1 1675 833663753
1 1676 -913937247
1 1677 376462659
1 1678 -612248820
1 1679 22655157
1 1680 -626316156
1 1681 899248512
1 1682 -624383536
1 1683 827665485
1 1684 -885922475
1 1685 172829856
1 1686 -525450779
1 1687 242215587
1 1688 -191760375
1 1689 505176821
1 1690 -896544129
1 1691 586680237
1 1692 -306015427
1 1693 595425107
1 1694 -147161680
1 1695 639249607
1 1696 -54388262
1 1697 379907919
1 1698 -670713558
1 1699 321447344
1 1700 -782752202
1 1701 428896629
1 1702 -835128777
1 1703 294600715
1 1704 -901736601
1 1705 325633117
1 1706 -380762825
1 1707 11316601
1 1708 -696175192
1 1709 161096229
1 1710 -678077627
1 1711 654277890
1 1712 -474706464
1 1713 84347164
1 1714 -992508330
1 1715 408836493
1 1716 -601080667
1 1717 62553311
1 1718 -933031823
1 1719 728571307
1 1720 -93454311
1 1721 895828399
1 1722 -821357110
1 1723 219508874
1 1724 -211554714
1 1725 529047277
1 1726 -891545691
1 1727 536888348
1 1728 -968694503
1 1729 790489159
1 1730 -269061487
1 1731 104930712
1 1732 -358246992
1 1733 828057511
1 1734 -657997847
1 1735 490965936
1 1736 -561028733
1 1737 394705807
1 1738 -358878114
1 1739 972197845
1 1740 -251997368
1 1741 23909291
1 1742 -214996116
1 1743 547138572
1 1744 -355970269
1 1745 103223440
1 1746 -85432510
1 1747 246312104
1 1748 -171329174
1 1749 639090809
1 1750 -552241505
1 1751 178309799
1 1752 -876251475
1 1753 68011204
1 1754 -932656199
1 1755 637296063
1 1756 -957727036
1 1757 138914243
1 1758 -290219769
1 1759 411774511
1 1760 -688470990
1 1761 978623624
1 1762 -526122935
1 1763 151785996
1 1764 -639325091
1 1765 927521183
1 1766 -316915034
1 1767 497562095
1 1768 -88401211
1 1769 881065241
1 1770 -258406443
1 1771 425454657
1 1772 -455580818
1 1773 65562410
1 1774 -517284944
1 1775 223312728
1 1776 -793108561
1 1777 287044471
1 1778 -179576638
1 1779 337654838
1 1780 -948170112
1 1781 79952508
1 1782 -761397795
1 1783 717334012
1 1784 -343294169
1 1785 265371549
1 1786 -856500101
1 1787 745651355
1 1788 -443788009
1 1789 330740354
1 1790 -375001865
1 1791 872563615
1 1792 -811337764
1 1793 915180399
1 1794 -215209222
1 1795 418527082
1 1796 -455857876
1 1797 546149287
1 1798 -840670077
1 1799 982421283
1 1800 -300543321
1 1801 214412840
1 1802 -437219839
1 1803 70278796
1 1804 -615021102
1 1805 960765247
1 1806 -773175772
1 1807 279851334
1 1808 -865348737
1 1809 865742424
1 1810 -338978220
1 1811 605505637
1 1812 -619795257
1 1813 216729740
1 1814 -799266426
1 1815 848317980
1 1816 -461372650
1 1817 118188922
1 1818 -482677015
1 1819 823126540
1 1820 -398695531
1 1821 371380591
1 1822 -58203269
1 1823 926484786
1 1824 -818585702
1 1825 689412544
1 1826 -649791481
1 1827 507104026
1 1828 -332102722
1 1829 228608828
1 1830 -234499815
1 1831 978540823
1 1832 -53877259
1 1833 456278000
1 1834 -774021609
1 1835 481979497
1 1836 -757204811
1 1837 465276239
1 1838 -544140745
1 1839 226274419
1 1840 -114523402
1 1841 847556199
1 1842 -816992258
1 1843 481563618
1 1844 -320714993
1 1845 136725544
1 1846 -566088112
1 1847 219464634
1 1848 -163057100
1 1849 968065758
1 1850 -291434902
1 1851 835037287
1 1852 -266145708
1 1853 326892342
1 1854 -366263918
1 1855 756711653
1 1856 -908373435
1 1857 914877659
1 1858 -387841805
1 1859 91774825
1 1860 -781150688
1 1861 140924219
1 1862 -521006080
1 1863 55384241
1 1864 -42948718
1 1865 178715323
1 1866 -396971588
1 1867 145942064
1 1868 -51954309
1 1869 753798426
1 1870 -702741512
1 1871 230391707
1 1872 -858450265
1 1873 624192484
1 1874 -571483750
1 1875 550131139
1 1876 -755921627
1 1877 372399732
1 1878 -435460454
1 1879 63879480
1 1880 -435431015
1 1881 287751806
1 1882 -775331558
1 1883 661197995
1 1884 -471007146
1 1885 813982145
1 1886 -532710693
1 1887 30956733
1 1888 -320544048
1 1889 794430654
1 1890 -734097535
1 1891 369332454
1 1892 -761364220
1 1893 527422255
1 1894 -188541050
1 1895 440836451
1 1896 -985935322
1 1897 41616700
1 1898 -522374590
1 1899 963289269
1 1900 -369267575
1 1901 321221344
1 1902 -267809147
1 1903 357395212
1 1904 -248569433
1 1905 232687776
1 1906 -847465920
1 1907 409094400
1 1908 -296379778
1 1909 438542671
1 1910 -803267654
1 1911 312651445
1 1912 -840131
1 1913 715109864
1 1914 -477117424
1 1915 927830948
1 1916 -330269521
1 1917 827070994
1 1918 -33382398
1 1919 236429780
1 1920 -811108082
1 1921 70468540
1 1922 -530292236
1 1923 719215286
1 1924 -511334657
1 1925 873403412
1 1926 -387117869
1 1927 254243319
1 1928 -583415280
1 1929 77496837
1 1930 -57154968
1 1931 403707548
1 1932 -570233224
1 1933 61092497
1 1934 -211522244
1 1935 27353446
1 1936 -82371759
1 1937 148324091
1 1938 -662164672
1 1939 213225388
1 1940 -742359245
1 1941 171901581
1 1942 -35600394
1 1943 677759597
1 1944 -470349642
1 1945 407322396
1 1946 -802259235
1 1947 176752325
1 1948 -421308903
1 1949 78161646
1 1950 -292406244
1 1951 742786152
1 1952 -472808828
1 1953 783694169
1 1954 -962750400
1 1955 378030962
1 1956 -20142650
1 1957 684945279
1 1958 -927567045
1 1959 603566539
1 1960 -743640056
1 1961 853640879
1 1962 -955468229
1 1963 817277686
1 1964 -692691006
1 1965 38908335
1 1966 -648857524
1 1967 573878131
1 1968 -164962516
1 1969 990065485
1 1970 -682806931
1 1971 502793110
1 1972 -527369135
1 1973 336101408
1 1974 -518263112
1 1975 468147099
1 1976 -886553770
1 1977 13237871
1 1978 -535019751
1 1979 157082463
1 1980 -161838502
1 1981 73175900
1 1982 -269270546
1 1983 400100208
1 1984 -590621640
1 1985 889597854
1 1986 -586568290
1 1987 252301946
1 1988 -739266700
1 1989 64477415
1 1990 -539341041
1 1991 412401784
1 1992 -751111696
1 1993 104911539
1 1994 -236503982
1 1995 909165307
1 1996 -177469288
1 1997 247927607
1 1998 -571691792
1 1999 907453561
1 2000 -306552658
299 83 673930670
2 1498 1568
2 1779 305
2 943 841
2 21 9
1 1700 -478099861
1 237 -286760327
2 728 573
2 567 1753
2 894 1133
2 1247 1890
1 1843 -745219790
2 784 74
2 949 1849
1 1108 553121962
1 623 -210660035
1 968 -351135021
2 699 1231
2 1575 125
2 869 1807
1 1972 -986376610
2 897 1644
1 1233 -685357910
2 556 824
1 383 414634386
1 605 474093054
1 1805 919075167
1 1601 314337409
2 1135 1571
2 1874 1834
1 62 441714859
2 817 1466
1 982 877707138
1 145 -181876154
2 365 419
1 1303 475461166
1 1074 -277526245
2 149 397
2 647 219
1 463 -554737865
2 1861 381
1 266 -887419023
1 1593 635475577
2 159 1748
2 912 1705
2 1057 1211
2 1080 98
2 503 145
1 794 -779312471
2 1100 69
1 1606 -947129717
2 630 1232
1 1139 -692719994
2 1496 1875
2 778 739
2 575 33
2 1778 1257
2 115 1435
1 993 -746808171
2 1526 1906
2 659 343
2 1144 83
1 1045 354086267
2 790 1838
2 1960 366
1 1124 -145115406
1 7 186414745
1 694 836192533
2 203 204
1 1896 -736385637
2 1874 1763
2 434 998
2 1095 719
2 1157 26
1 212 115821126
2 580 1293
2 1093 1338
1 1210 575265392
1 54 -327746182
2 1748 1888
2 707 884
1 887 526616986
1 33 276483265
2 973 1969
2 564 1938
1 142 856928471
1 1416 -24472053
1 790 -345177737
2 713 1527
2 241 1529
1 1253 -812272122
2 130 579
1 677 -832920166
2 997 829
1 319 884521144
2 1090 571
1 335 -882216467
2 1345 63
1 766 640400508
2 314 1091
2 1201 368
1 912 380431789
1 335 54273786
1 632 174139046
2 1628 813
1 1582 368515527
1 1111 481508156
1 1501 902678594
2 1027 1138
2 564 1136
1 473 -913464056
2 1651 955
2 738 1718
1 915 -508608307
2 417 1476
2 458 198
2 52 759
2 1776 1103
2 501 1023
2 1943 1925
2 1701 1049
1 883 452899933
2 1935 1957
1 1904 97226176
2 400 554
1 1119 -167840578
1 548 755138352
1 1332 85074473
2 1708 769
2 1266 1079
2 1840 384
2 1297 1720
2 1463 463
2 437 777
1 1078 417091954
1 1881 822213329
1 1977 -385120534
1 1323 346153957
2 90 354
1 435 -275431162
2 1106 185
1 605 -352145544
1 1935 191341960
2 1267 1726
1 1442 -92860502
2 1074 1874
2 1019 245
2 728 1433
1 1972 -195146770
1 1654 -156556169
1 1048 624341526
1 328 220090091
2 1070 1878
2 99 1614
1 804 582095467
2 321 1775
2 1625 525
2 768 880
1 1105 -279911799
1 1636 690369657
2 410 428
2 1564 488
1 376 -370236953
1 98 97496220
1 564 -491554682
2 1827 1040
2 1394 432
1 236 -661705178
2 1208 1794
2 1337 297
1 852 -64014315
2 1206 1496
1 646 530942007
2 655 1228
2 1009 393
2 1496 395
2 1921 523
2 607 522
2 932 1531
2 507 1457
2 386 504
2 1212 941
1 529 -317204287
1 1341 184965210
2 456 906
2 1435 1670
1 702 -436661794
1 1111 819197920
2 1693 1073
1 1074 108598563
1 977 398605171
2 1933 1027
2 1797 1601
1 595 994015797
2 278 1868
2 1729 1188
2 1144 1620
2 1282 958
1 413 657972775
1 1492 228362604
2 956 727
2 147 389
1 462 266051426
2 757 1773
1 1220 -369367188
1 1659 540956235
1 1633 -235898510
1 1832 -454533520
2 1176 594
1 1498 -20914158
2 1781 507
1 1349 -681034376
2 1923 1457
2 1671 956
1 976 -93979623
1 640 638189660
2 17 1335
1 977 73897900
1 781 1671522
1 1065 26680983
1 1764 -708911048
1 553 -554825348
2 127 1451
1 1846 815999204
1 1185 -373843750
1 1073 104135958
2 853 639
1 834 -643472646
1 219 -152467310
1 544 -921774519
2 1064 582
1 8 -737160216
2 1528 1901
2 940 1926
2 1597 1887
1 23 993843943
2 1008 1482
1 295 -767455350
1 1618 -988491987
2 1680 1863
2 625 674
2 1906 1776
1 1305 -409658557
1 991 3756299
1 99 -993369589
2 262 1633
1 123 -409369005
1 1537 458469430
2 1502 1354
2 1605 827
2 745 1857
2 794 1952
2 1507 207
2 156 562
2 497 1503
1 492 -561478179
2 622 1418
1 936 -365358099
1 635 524763024
1 43 -408292930
1 1840 368907853
1 212 473547706
1 1523 -283274138
2 1632 822
2 1647 553
2 675 494
1 1895 -821013919
2 212 120
1 1663 193288209
2 1073 892
2 238 605
2 1384 718
2 1704 1225
2 140 191
1 1452 856826567
2 694 1944
2 271 1895
1 1591 -705583550
1 1909 -405320497
2 998 1677
1 4 -890414021
2 158 111
2 526 625
2 1525 1363
1 973 373726659
1 300 -262140511
2 1252 1435
1 1619 759377219
1 717 -44879110
2 473 1469
1 562 382949461
1 174 -935297999
1 1841 968528553
2 986 1634
1 1705 54896046
1 1869 428113997
2 1936 1969
2 1654 122
1 1321 -935902182
1 1149 -992768888
2 1992 1593
2 704 1949
2 1449 1195
1 251 877770993
1 955 561697955
2 1927 1254
1 1704 867032570
2 511 1146
2 535 728
2 1221 1980
2 1126 1090
1 1004 711706262
2 1268 190
1 396 440428466
1 1160 161327327
2 150 102
1 1282 -864067593
2 365 1954
2 840 631
2 1504 1201
1 185 937583826
1 263 395211734
1 66 -421351916
2 1441 608
2 1759 973
2 40 40
1 1553 -546234887
2 1276 1755
1 1153 509721673
2 1637 1263
1 588 -203486758
1 187 -644543411
1 1463 -700201154
2 1134 1315
2 145 1001
1 542 400880153
2 1125 248
2 246 624
1 1372 580297790
2 1353 743
2 1793 753
1 154 -126350115
2 1817 1391
1 679 -633712044
1 837 641321555
1 1759 -612884655
1 486 428622044
1 700 -873880728
2 733 1364
2 1786 1232
1 1300 -490640426
2 387 962
1 1073 -865698540
2 1816 1975
1 403 484093375
2 957 1768
1 156 1144281
2 826 91
1 1160 -986387227
1 1821 -119186506
2 1629 1876
1 1123 7035447
1 287 912816139
1 1372 -221017013
2 72 1198
2 54 1532
1 1555 -874451997
1 808 -34989896
2 246 423
1 735 -721869669
1 268 -578174617
2 958 1188
1 516 -201674843
2 603 874
1 31 -71861196
1 837 824321262
1 1282 408326078
2 139 138
2 545 1710
1 1112 -950395553
1 1485 -756440662
1 773 -603278345
2 247 1549
2 328 1373
1 1519 20829849
2 235 540
1 690 811410575
1 1360 573381919
1 672 -395436521
1 492 357842426
1 1514 -988923312
2 763 858
1 1927 -227087335
2 917 1952
2 192 451
2 144 143
2 1620 830
1 397 -205938574
2 865 950
2 1222 1179
2 1361 804
2 621 456
1 100 115757959
2 210 115
1 1280 -181634372
1 1466 917055488
1 488 23915031
2 78 1735
2 1732 268
2 697 165
2 1768 475
1 291 697510314
1 1992 138292407
2 864 435
1 136 -592518902
2 1104 1794
1 526 340204784
2 798 717
2 103 449
1 99 -847689514
2 286 1949
2 46 328
1 476 -759789657
1 877 123459064
2 801 358
2 1652 270
1 1072 -19064132
1 71 -761668526
2 1269 1836
2 1855 589
1 221 -857341826
2 1347 152
2 1332 1169
2 33 1961
2 1502 986
1 63 219850879
2 1582 1089
1 1939 -117109650
2 869 1880
2 1666 1080
2 1293 708
2 801 1170
1 428 -989432404
1 1419 565941128
2 1687 1567
1 1679 675695431
2 1923 1023
1 1760 -538933047
1 156 -210328979
1 148 608518112
2 1987 1734
2 1474 528
1 154 -917502441
2 487 1295
2 221 1456
2 165 1216
2 332 1446
1 325 -554674335
1 1223 406983622
2 898 568
1 1426 460744046
1 548 -579607777
2 117 1862
1 1948 954331959
1 1880 -406510934
1 1416 444145921
1 1216 582437416
1 192 619238635
2 1059 709
2 1281 1806
2 1113 429
1 805 -267339381
1 1955 -880646314
2 468 1785
1 891 -701730870
2 934 264
1 657 -630798401
2 1702 1463
2 1009 1566
2 104 807
1 1213 601837491
2 1875 735
1 1140 -153123400
2 115 1965
1 1339 -755142696
2 1368 759
1 1629 617126319
1 660 268278233
2 1742 1438
2 132 1504
1 368 518363339
2 1670 924
1 1956 280692549
2 1396 754
1 927 -209417042
1 507 -120995215
2 1215 758
1 1869 -352821981
2 1504 1212
2 1583 1018
1 28 -805083223
2 236 1001
1 323 341408849
1 567 -951284740
1 189 -567554855
2 1287 1016
2 1539 1872
1 715 -489518891
2 115 925
1 942 463347705
2 1754 845
2 1042 1206
1 1756 81110407
2 1067 954
1 507 276478511
1 731 -628401441
2 1550 856
2 916 1840
2 540 1572
2 1185 797
1 796 844791814
2 1782 1352
1 350 514583874
1 211 -961920144
1 1546 -543315575
1 1986 -938818266
1 1798 48715678
2 1055 532
2 325 651
1 98 314324651
2 744 313
2 831 1645
2 1695 1638
2 322 1018
1 1819 -210007903
2 640 171
2 1865 1560
2 1040 1808
1 694 -398500658
1 847 61121486
1 139 -335140696
1 1258 -894361852
1 275 -328915203
1 349 -292164618
2 1770 149
2 1728 304
2 1515 717
2 1147 227
2 1210 417
1 1098 -793390899
2 812 1122
2 1268 1833
1 1217 481015457
1 1838 -745544037
2 1276 1282
2 60 353
1 983 -394876270
2 1568 605
2 1272 804
1 1301 472559034
2 1037 1619
2 282 877
2 872 747
1 990 -330343403
1 881 579909980
2 133 682
2 691 1563
1 305 32747835
1 1901 71052571
2 220 881
1 1805 -878829805
1 995 -751766388
1 1655 -581066922
2 1749 967
2 540 1669
2 31 1628
1 1031 949870670
2 1513 809
2 522 1789
1 1923 -624291339
1 1452 494587686
2 734 201
2 1372 346
2 1817 138
2 688 428
1 753 -866991644
1 1029 249379729
2 653 541
1 1484 -710812014
2 373 1944
2 1641 1593
2 1798 1991
2 691 1936
2 27 1452
1 1508 995514542
2 1472 231
1 1288 -949934167
2 41 331
1 1171 -291484753
2 611 510
1 803 -391514919
2 595 889
1 111 -455488882
1 1359 639398669
2 1964 1703
1 340 228567471
1 961 -354421306
1 537 -251401022
2 1368 619
1 1490 -305265928
2 1979 1726
1 870 768803234
2 1865 1368
1 814 -561292555
2 1171 493
1 1904 857120352
2 1170 916
2 1296 689
2 1732 207
1 748 -747207263
1 879 212198744
2 1038 1718
2 856 469
2 751 1117
1 344 -237706942
1 315 -818622562
1 1253 -95138940
1 491 -15685853
1 1254 -752604632
2 1711 76
2 1598 1811
2 1072 1279
1 1996 18143593
1 953 987402165
1 1966 -276047460
2 1148 815
1 1598 971835178
1 1784 -30020419
1 1547 2297483
1 1544 -456263015
1 534 871574668
2 480 1621
2 1488 76
1 125 -501958259
2 448 1115
1 1765 931819423
1 940 -628010941
2 1365 31
2 1218 675
2 1340 163
1 1775 583571475
1 1291 -23534064
1 789 -609193070
1 1414 -78099378
2 1670 1605
2 1614 1876
2 1446 1622
1 772 -286297935
2 1389 1422
2 1924 280
2 969 255
2 297 650
2 1954 1808
1 330 194913577
1 1524 -553600711
2 1478 1794
1 702 696985384
2 1337 287
2 43 1578
1 1125 492570254
2 645 436
1 948 192118195
1 798 -44923797
1 33 -187348231
2 145 993
2 315 1624
1 237 -353313059
1 1402 -684674367
2 1716 350
1 1552 65685999
1 1150 608155960
2 1228 1606
1 943 -344414159
2 759 467
2 1966 941
1 322 465501597
1 616 -38358583
2 1173 1450
1 183 1736331
1 944 636656266
1 1329 -519889001
1 787 421340577
2 892 1306
1 1795 -743291617
1 1099 -430904020
1 215 -249113828
1 264 999508994
2 25 1739
2 649 967
2 836 210
1 1575 -357226376
1 1235 -357534930
2 1167 690
2 1692 956
2 1082 1241
2 1066 64
2 207 234
1 788 585404259
1 147 579605351
1 34 102871420
1 286 -379837216
1 1265 910319937
2 1038 640
2 1189 1622
1 1756 -915184616
1 766 687674682
2 160 1463
2 1166 1526
2 965 1855
2 653 1779
2 1683 443
1 1679 -886906221
2 1996 966
1 889 -37820315
2 1673 1017
2 1414 1352
2 1018 1703
2 904 1667
1 1966 385951366
1 635 971252203
2 462 1299
1 1336 -339124025
2 491 902
2 419 1735
1 1393 242126123
1 657 -181233003
1 976 573619567
2 317 785
1 1887 -851199258
1 73 985972985
1 465 287287230
2 290 625
2 1707 1548
2 907 1574
1 726 -146398146
2 349 1876
2 1887 402
2 550 1788
1 321 374033548
2 1166 563
2 878 1917
2 1947 300
1 1748 -13561160
1 1055 -643687802
2 866 1686
1 1114 -950221586
2 1037 392
1 1751 -699002259
1 829 623307405
2 1424 1526
1 972 641367785
1 1908 437430881
1 80 -886128583
2 269 494
1 1853 436066698
2 1449 1572
1 310 -22308175
1 1609 958245397
2 1276 867
2 1606 423
2 328 1209
1 1915 789417991
1 1268 215225442
1 1089 624495543
2 1633 885
1 290 659351093
1 462 440063211
1 260 -695267995
1 71 175260320
2 1514 242
1 6 -275465545
2 1565 1024
2 449 683
2 919 848
1 1241 913696038
2 1699 1427
2 21 117
2 1154 1401
2 1456 957
2 1057 1521
1 1170 632602126
1 44 -6575313
1 295 -737576494
1 460 637892860
1 812 -978355122
2 1318 1117
2 831 1786
2 1221 756
2 741 1740
2 414 1068
1 223 -756587371
2 1762 290
1 726 274865178
1 1294 248929452
1 1973 928971091
2 930 1905
2 1964 511
2 1302 1609
1 225 -86734262
2 1899 1989
2 1489 1200
1 886 181540239
1 1408 -549735861
2 1599 262
1 445 82264821
1 841 -389014637
2 1663 1121
2 989 1328
1 1011 -199940269
2 1358 89
2 1643 1110
2 772 19
2 1267 617
2 737 1803
1 1675 -682367390
2 23 1222
2 444 737
2 1619 612
2 1788 1181
2 1362 1091
2 1786 1716
2 1434 1635
1 222 638119388
1 1474 544975709
1 1831 -478659883
1 1641 -227043233
2 643 225
2 1120 407
2 645 1150
1 484 -834044999
2 845 522
2 604 195
1 45 -549053433
1 1424 3421322
1 494 -668198927
1 554 355591937
2 1543 396
1 258 255243555
2 1501 809
1 1079 -924993248
1 20 -234970194
2 434 1837
1 755 269384726
2 1970 972
2 136 808
1 1975 -173373065
2 889 783
1 962 506858862
1 1633 763849726
1 342 553473042
1 805 -732554777
2 440 1313
1 644 80905672
1 621 -329186784
2 1642 870
1 152 38114079
1 228 582994872
1 1133 -302652371
1 403 -651077795
2 916 1211
1 14 88167542
2 641 1657
1 1092 135255695
2 1431 528
1 1542 -99345287
1 1528 -481543701
1 1784 -64043555
1 1038 -820953628
1 1481 294317198
1 38 882634012
1 775 243925767
2 69 897
2 332 1013
1 1140 119863278
1 1850 866369440
2 493 1126
1 790 963823114
2 338 1197
2 1559 1382
2 1471 1873
2 1414 847
2 1276 1878
2 1210 754
1 1397 -880755740
2 210 823
2 1454 1825
2 1354 128
1 1834 190490186
2 316 1216
2 1840 1162
1 1422 -352487136
2 539 77
2 1371 1616
1 507 -408690155
2 1889 1507
2 366 1941
1 536 744332009
2 199 1059
2 1316 685
2 1453 1772
1 1134 660733878
2 1623 1318
2 148 37
2 1100 296
1 1745 -976477621
2 188 1666
1 881 307472532
1 19 953568450
1 1995 -983433404
1 130 641235750
2 1554 1126
1 961 -936739946
1 1542 -936053652
1 168 783520185
2 317 1575
2 531 1269
1 1917 804093505
1 885 134814935
1 362 273438430
2 1818 1829
1 439 -89754674
1 666 -179363433
2 975 1403
1 525 914488071
1 1695 -558227984
2 1584 837
1 1923 -192204380
1 559 -916752234
2 840 118
1 891 45747351
1 663 87587799
2 639 1627
1 711 131388430
1 1897 -594947662
2 1708 1506
1 453 -576114372
1 366 880119379
2 1668 1244
2 1008 1616
2 333 1872
1 611 307545642
2 855 1553
1 1016 -980045246
1 1430 -21634576
1 631 -329558851
2 565 1995
2 252 586
1 192 576956156
2 1547 1472
2 216 1741
2 1920 915
2 436 1138
1 206 44119258
2 1371 526
2 460 1227
1 1228 -457113959
2 646 1071
1 633 -695554947
1 739 888978071
1 1067 560173616
1 1775 -866785943
1 942 495917513
2 824 620
2 801 1426
1 1250 -273520093
2 1462 1054
2 1594 871
1 825 -199311371
1 1571 -190043794
2 237 708
1 853 -572197558
2 1262 1622
2 24 839
1 1382 278520673
1 1515 674488346
1 1555 686263595
2 775 1731
2 685 660
1 1060 -399621578
1 1326 963682600
1 881 -975071130
1 1802 -833770272
2 63 1682
2 1282 735
2 465 374
2 34 731
2 544 989
1 119 -217280885
1 1982 823348838
2 633 586
2 1746 954
2 1499 1760
2 1820 1765
1 1452 -608543161
2 1112 596
1 1812 -659378294
2 868 586
2 996 365
2 1909 91
2 1910 1270
2 461 494
1 764 -595089978
1 754 993013198
2 387 800
1 1859 -717091641
2 744 822
1 1789 -567220526
2 1756 143
1 1124 -49352468
2 1154 837
1 622 728157061
2 1722 646
2 1899 1629
2 1749 402
1 1005 68076829
1 843 -230217434
2 1788 1422
2 1965 1760
1 319 635242959
1 1526 -351071946
2 1182 1518
2 970 80
2 586 198
1 619 901922486
1 719 -614810167
2 1420 1445
1 783 -349826755
2 586 646
2 1367 147
1 1023 133124700
2 1678 733
1 853 536276485
1 1675 505564647
1 485 648479622
2 677 647
1 666 922347337
2 1063 676
2 885 1941
1 54 -757747652
2 1304 1456
2 371 1536
1 1327 -97860206
2 1013 1126
2 1426 717
1 1247 690747553
1 1880 -89693115
2 1864 745
2 1832 133
1 1120 -660560955
2 418 1164
2 1561 410
1 1340 -637756358
1 412 -215100890
2 1836 988
2 1193 1904
1 774 -208345380
1 1614 822925725
2 1464 1902
1 1354 220446705
1 1430 259360214
1 16 675833774
1 1197 964499731
2 813 178
1 1514 -424818663
2 1487 974
1 1795 -50744858
1 926 763712985
1 1188 -601757257
1 1051 -578077028
2 1106 1900
2 1342 159
1 476 -470457189
1 1108 -770625317
1 878 602475228
1 1245 578317912
2 1252 1164
1 1859 -563919772
1 737 569544867
2 1931 1478
2 623 1839
1 1773 29789780
2 803 781
2 35 260
2 1203 1997
2 1269 1303
1 1742 737448159
2 359 1292
2 310 1091
1 895 885014929
2 278 419
2 811 931
2 1992 925
2 719 1851
1 427 36020227
2 1552 748
2 1616 1082
1 1189 695385670
1 1744 302446766
2 1312 875
2 1351 1459
2 919 1063
2 107 289
1 113 519845888
2 1916 1231
2 75 407
2 193 1713
2 1378 104
2 505 253
1 897 936929713
2 1377 1636
1 1818 730168748
2 303 41
1 1003 363262050
2 52 1303
1 1147 830421586
2 728 40
1 612 -147419042
2 482 736
2 934 1579
1 1500 -773834773
2 480 1672
2 1098 271
2 813 1720
1 618 -98660792
1 869 -113022024
2 1152 501
2 537 1344
2 1303 1083
1 1254 -422938870
2 1847 1758
1 920 84381779
2 1658 34
2 64 1500
1 1575 -774283825
1 1782 928077150
1 1246 410455541
1 736 -269689822
1 500 -577481144
2 18 366
2 220 1974
2 846 1073
2 593 771
2 455 501
1 884 -170185195
1 663 104088846
2 1097 832
1 670 -791438214
2 1568 405
2 1667 1152
1 1611 866161722
2 1002 1222
1 1804 -364187345
2 400 974
2 594 367
2 1408 1614
2 1474 654
2 1888 793
2 1956 402
1 1758 -949150396
2 1304 718
2 1299 1037
2 915 1742
1 396 -512443843
2 57 1551
1 1116 -239964755
2 361 88
1 751 -692414490
1 250 -354448941
1 1553 -745879470
1 258 -714155099
2 33 1043
2 263 1718
1 533 -494155127
1 1542 -561539337
1 378 145048377
1 1700 -130846813
2 125 1106
2 398 1204
1 772 -58747077
1 1531 -417628698
1 1312 -915993729
1 251 -980706238
1 907 827367531
1 607 -276122594
2 665 448
2 325 1684
2 133 1954
1 1728 -791281798
2 61 1757
2 729 670
2 1021 1693
1 414 289426694
2 383 1668
2 722 13
1 838 202559696
1 1206 305362197
2 777 654
2 1092 1991
2 1210 125
2 863 12
1 1400 -650839055
2 1936 1178
1 784 -914533490
2 1890 1083
2 1914 1572
1 919 503030705
2 364 190
2 1199 1380
1 99 251961671
1 1878 485112200
2 1875 1686
2 1846 1304
1 144 150398433
1 157 -214336324
2 7 509
1 238 15824737
1 1485 -521188001
1 1192 -233149820
1 1909 551271746
1 606 254582171
2 891 944
1 792 79917973
2 1379 1972
1 1235 417734855
1 1450 483130415
1 1292 708553201
2 7 1208
1 35 540522816
1 919 -415224682
1 647 -705099955
2 34 898
1 1559 -401446877
2 979 1158
2 1233 862
1 171 108826580
2 1018 979
1 1379 850751621
2 1477 989
1 1631 -474274396
2 422 960
1 1297 -328981325
2 862 1102
1 1106 932376830
2 1045 1802
1 1430 -914458457
1 720 137457688
1 304 -946039806
1 102 -628946507
1 1825 -461126714
2 1704 1475
2 1228 1203
1 1753 587145572
2 1919 1838
1 1635 396296245
2 1443 642
1 1430 -520218443
1 1398 253811369
2 961 789
1 362 291627726
1 1975 675306892
1 872 -512798441
1 1091 20781598
1 1314 -587034256
2 1951 941
2 861 1518
2 1164 1572
1 862 1415467
2 1613 625
2 797 905
1 897 -710386034
2 1307 652
2 1323 689
2 373 1032
1 160 -777303666
1 863 -585916876
2 1151 1452
1 519 41531962
1 254 -805991912
2 370 498
2 953 1780
2 1586 364
1 1849 50997719
2 559 198
2 737 997
1 847 961071726
1 1132 -638000561
2 1479 1398
2 1199 1206
2 151 1765
2 1700 168
2 1409 314
1 606 749382412
1 477 -890452783
2 1749 398
1 313 835482339
2 924 1348
1 1949 -314638960
1 1139 709443844
2 401 914
1 1631 -830553215
2 477 848
2 367 1198
2 1529 1137
2 500 1162
1 617 628568472
1 580 840538058
1 932 1546046
1 438 11681168
1 294 701383633
1 1870 638618747
1 674 378555
1 691 -772042898
1 395 893053595
2 1862 7
1 1368 -531440595
2 30 220
2 1266 743
1 366 -210499377
2 817 942
2 1048 1969
1 249 -742032700
1 1019 -227905939
2 1564 209
1 1823 743377685
1 1848 174607436
1 753 -446961542
2 1876 743
1 408 -189140501
2 1151 1077
1 1509 -646270103
1 484 956793334
2 1403 1090
1 1684 560689006
2 1816 1633
2 1224 1194
2 676 906
2 1081 1142
1 1443 -675703587
1 1686 870631780
1 930 548089113
1 1275 -856728474
1 1964 -576506891
2 973 414
1 1385 543795503
1 93 -534613555
1 1819 175786274
2 748 1749
2 304 1035
2 1302 1989
2 1334 177
2 45 851
1 805 -272481797
1 235 -759719845
1 772 596785814
1 845 -50292386
1 1237 -977772211
1 1418 -622951786
1 1726 -157663417
2 402 496
1 966 824882478
2 985 127
1 657 804026344
2 994 143
1 286 306200069
1 508 -940324905
1 444 143006214
1 58 24605885
1 422 360706026
1 1305 520323112
1 1514 -725470095
2 1771 197
1 1733 680162437
2 1633 666
2 961 1480
2 1729 536
2 1337 1223
1 134 -900491140
2 479 250
2 251 439
2 1700 1721
1 1767 -397495333
1 1260 726267256
2 1611 1220
2 144 331
2 617 1389
2 108 1438
2 416 97
2 764 1692
2 2 88
1 1459 -32400926
1 1591 859396685
2 1478 1313
2 17 1603
1 1074 -560201643
2 1269 1982
2 1379 888
1 210 -584257703
2 1296 1722
1 1876 330005408
2 224 176
2 1785 335
1 961 -117816247
2 733 537
1 658 -398920678
2 1785 1833
1 1566 -581588885
2 819 669
1 393 -397452374
2 1520 519
1 1030 346736802
2 1153 1277
2 1909 1046
1 1607 -486692392
2 1290 1140
1 1903 865243754
2 800 1591
1 208 182641310
1 1759 -139324252
1 1741 -109915264
1 708 451021838
2 1101 1059
2 715 1630
1 363 316502719
2 1 1276
2 1354 775
2 1304 45
2 844 261
1 359 90432699
2 790 1659
2 1526 633
1 488 158991649
1 650 368040441
2 1491 404
1 373 -630107161
2 741 1968
1 1363 874874991
2 1732 436
1 1847 440386955
1 932 574999077
1 1140 303683510
1 1607 589062985
2 1205 205
2 766 1884
2 1219 1940
2 1451 510
2 120 715
2 1649 1859
2 43 1487
1 1684 -993820855
1 958 390750212
1 1699 171360606
2 668 1685
2 891 410
2 24 290
1 690 -239453099
1 702 910739698
2 1079 274
2 152 134
2 1330 1306
1 642 20300304
1 1819 994362303
2 534 1117
1 428 681246699
1 49 399011654
1 1310 -50598673
1 309 -4909280
2 1819 1316
2 546 942
2 1745 54
2 32 1637
1 1689 -378475401
2 1053 631
1 982 -821377423
1 272 -282189625
2 1210 1302
2 483 235
2 1812 1398
2 60 59
1 746 -77094069
1 130 -807522790
1 160 -804816228
2 306 1153
2 922 533
2 1244 1296
2 927 1028
1 362 -129877184
2 255 1039
1 1975 -821269858
1 681 -944839504
1 1842 427989410
1 832 238870442
1 1643 -50108104
2 275 1514
2 713 358
2 1266 783
1 1427 923912018
2 1068 854
1 1577 25884158
2 1650 1101
1 1575 390168616
1 98 109709556
1 1575 -977229807
1 920 -773882717
2 721 1658
2 951 661
1 735 -690351498
1 1758 -970040787
1 95 538375042
1 1244 -4998688
1 1011 720578326
1 237 169028705
2 1132 840
2 1595 73
2 604 870
2 1078 506
1 262 830526383
1 165 255226183
1 1389 -437126740
1 260 -561813988
2 304 653
1 643 -550988955
1 246 982224652
1 601 -694578679
1 1314 -564955544
1 502 -138099464
1 1586 86216792
2 1656 738
2 719 900
1 474 609785581
2 621 825
1 1495 -531154495
1 1230 -808029452
2 1649 442
2 1016 1509
2 306 1921
2 206 808
2 1609 733
1 103 -420192618
1 1885 81977555
1 1345 -994852312
2 809 1267
1 1654 -889043288
2 264 1137
1 1387 -143954206
1 1530 -407755502
2 1866 1940
2 1817 1666
2 1871 1802
1 620 -683473727
1 826 747667484
1 312 580684135
1 1598 269334282
1 1599 490354237
1 1004 -972861022
1 1674 -129950749
2 1963 1785
2 712 1071
2 618 1249
2 608 1712
1 1142 -139472987
1 1178 248865852
1 1613 -259299339
2 1545 1706
2 665 546
2 1937 1016
1 529 70687897
1 39 -883643012
2 1209 1686
1 1687 957974613
1 1067 857764214
1 444 61448767
2 775 274
2 632 1834
1 1401 814847808
2 1147 1608
2 1928 1446
2 346 130
2 1979 388
2 1720 849
2 949 830
2 1240 1127
1 1031 839606590
2 262 550
2 1084 1782
2 1294 445
1 1255 407888085
2 936 1400
2 349 24
1 836 459468729
1 1961 -761201040
2 556 1072
2 1332 65
1 544 -628059192
2 1695 662
2 1419 1527
2 968 189
2 1190 1471
1 989 140678514
2 197 659
2 50 1831
1 1163 -493982593
1 1915 -430393613
2 422 1988
1 163 -617974861
2 247 1636
1 1216 -949640192
2 921 250
1 1622 626526879
2 1695 1649
1 1829 -651814111
2 147 1937
1 1951 197558718
1 569 627421134
1 261 168541143
2 913 766
2 394 363
1 39 -591990044
1 1554 -578275260
2 1865 1141
1 815 25051723
2 678 1756
2 1430 1748
2 389 1421
2 1415 122
2 16 661
2 677 494
1 1394 999774881
2 635 1885
1 1193 -981799652
1 1959 -660332239
2 1226 1664
1 1208 686864758
2 169 1757
2 1251 158
1 1387 605889778
2 1200 345
1 1254 886636498
1 1536 933539556
1 483 -568488216
1 931 768961467
2 1795 1566
2 1112 1545
2 940 1472
1 1168 -26623227
2 568 277
1 1371 -41001758
2 1069 1981
1 904 -271330669
1 1151 415189248
2 337 1260
2 1085 41
2 992 1960
2 1186 1864
2 1391 1901
1 149 -891393546
2 219 354
2 164 12
2 542 994
2 284 1393
1 194 -826604899
1 194 -571451078
1 1105 45476984
1 264 600392576
1 1612 3074112
2 28 1119
1 189 412412463
1 1641 105250159
2 988 314
1 1128 832113885
2 1862 1407
1 386 -653195725
2 206 764
1 699 -748594442
2 922 107
1 131 -474498291
1 1664 208193904
2 1035 653
1 1145 -356597800
1 85 933570700
2 1813 1335
1 1130 966488018
1 1549 387463178
2 1950 134
1 278 423309831
1 408 970404949
1 791 550654529
1 480 -759529429
1 49 -720081677
1 1186 -608711998
2 155 1286
2 1445 727
1 1273 -789183571
1 1891 -552598962
1 486 22757376
2 1046 1953
2 1326 1162
1 904 -740271259
1 471 -182458470
1 897 -907969080
1 141 -278017308
2 1818 1405
1 597 -880995826
1 959 -966011363
2 1640 955
1 741 -539459089
1 1159 78879077
1 91 -51181339
1 1803 -226473165
1 1180 -495751092
2 772 1470
1 1168 772861451
1 1933 -357945203
1 1818 -621263134
2 726 1079
2 568 139
1 533 -364461605
2 526 612
1 1501 806266414
2 1586 1371
2 214 537
1 921 11953154
1 1285 5343377
2 1803 34
1 1319 -720063268
2 1923 651
1 200 940644840
2 1930 43
1 162 413550691
2 858 1563
2 1478 869
2 1140 1115
1 409 577635812
1 489 566579206
2 507 914
1 926 -69763201
2 917 1587
2 1942 1137
2 55 139
2 1159 894
1 49 788284723
2 1178 1558
2 810 1571
1 694 754812512
1 1030 224089186
2 50 1185
1 1001 280321388
2 1197 718
1 370 -871397002
2 1640 796
2 1971 1696
1 1183 -128517079
1 141 347406166
1 941 -913726644
2 430 1960
2 1975 844
1 1770 -610168994
2 1914 660
2 1355 1037
2 630 808
1 559 810320824
2 1192 1443
1 1388 -704199517
2 1157 120
1 1069 -591544135
2 625 1548
1 294 -459485092
2 819 113
2 758 1586
2 1013 1799
1 1355 722243936
2 785 281
2 1810 75
1 1223 -957803608
2 1971 722
2 79 1243
1 844 121033729
1 10 877497173
1 549 192053258
2 1735 1743
1 908 503122489
2 1014 1201
2 1006 215
1 1488 -48537674
2 148 1892
2 1673 500
1 1769 -28042794
2 514 658
1 998 -5828062
1 1687 997542573
2 1619 1551
1 619 779839416
2 1162 917
1 1875 976322438
1 1702 -867873219
2 811 1810
1 244 -282774267
1 1991 -214061041
1 1545 217451014
2 1780 1129
1 1482 90077978
2 201 123
1 1930 475396217
1 359 18486445
1 1330 425276953
2 1107 1642
1 1275 593168534
1 1716 751578708
2 1587 1089
2 41 1570
1 1896 740309456
2 1515 1436
2 175 902
1 1306 17056384
1 921 456689060
2 578 105
2 1294 1940
1 814 899684092
2 1522 287
2 577 1675
1 843 -947139305
1 1726 -174698809
1 58 127892303
1 745 -922856903
1 92 977076561
2 614 1144
1 358 -745397985
1 1957 80442877
2 771 997
2 1523 1667
1 456 967191614
2 257 299
2 1080 1434
2 446 1244
1 244 -232172410
2 1083 1734
1 1822 739536851
1 474 -948631032
2 558 1503
1 45 472592921
1 110 803469510
2 1734 1764
1 841 922053697
2 108 1332
1 438 -583600675
2 1844 571
1 1839 -254519209
1 506 -193856111
1 771 -276893402
2 1461 109
2 466 1399
1 882 -868207724
2 655 298
2 1085 611
1 1970 752068105
1 1534 111335619
1 213 702946644
2 1467 1117
2 1343 1832
2 131 1149
1 56 -370595017
2 435 734
1 1993 -233129372
1 1074 -956509164
2 1913 1349
1 1326 492556106
1 1323 -818281068
1 225 7445323
2 1825 313
1 1235 750985170
1 1492 333095016
2 1865 457
1 1717 250674100
2 1028 308
2 627 1416
1 173 547675121
2 1927 1997
2 1829 81
1 844 -296963215
1 1036 -871157663
2 1873 1631
2 1352 2
1 820 942840143
2 824 518
1 1699 -202758414
1 1944 -533994473
2 1825 158
2 1667 81
2 950 1417
1 534 140478330
2 1186 103
2 1317 42
2 261 159
1 920 79732168
2 1252 1386
2 363 403
1 494 -38585878
1 1822 -922920579
2 444 1665
2 1148 329
1 706 499569916
1 875 -703352913
1 1545 -678588193
2 427 1210
1 1833 657401252
2 1965 645
1 1363 -86685842
1 1473 -145894242
2 267 1336
2 262 1846
1 780 865489228
1 1713 -508660341
1 966 -654566494
2 995 815
2 512 540
2 315 1234
2 24 629
2 1233 558
1 379 -836822070
2 1691 1560
2 924 1528
1 62 -566052443
1 1166 -230904233
2 1103 1938
2 1462 1188
2 376 1873
2 441 76
1 893 -490098616
2 358 1079
2 1624 795
2 1282 1625
2 1092 1688
2 461 1264
1 793 -570118319
1 1673 -981280264
2 848 1620
2 1804 1281
2 1991 219
2 1610 698
2 563 845
1 1388 -446044901
2 1770 832
1 283 566061804
1 1298 -515164032
1 1593 -545602020
2 951 527
2 809 1527
2 654 205
1 1906 229600800
2 656 249
2 909 1001
1 190 -916691866
2 600 33
1 799 544068522
1 683 433333383
2 1551 1135
2 1965 397
2 426 1422
1 139 -957929863
2 1374 1841
2 320 1280
2 65 25
1 1754 -726768204
1 869 832861874
2 565 1631
1 420 -978977963
2 1951 1940
1 176 757016159
2 942 1022
1 1061 851563960
1 265 -937136402
2 1732 505
2 13 150
2 1493 1789
1 1542 -432418001
2 526 1162
1 1848 -704555007
1 1069 -48545886
1 964 -357238630
2 1286 1568
2 1192 759
1 385 381484110
2 1028 418
2 174 32
1 1066 -907428987
1 1675 -200443843
2 881 997
2 1258 416
2 1645 1567
1 499 826527964
2 331 1602
2 91 1382
