2000 2000 2000
1 2 -868412857
2 3 -785519054
3 4 -847400051
4 5 -96710824
5 6 722648661
6 7 -7005493
7 8 -74836490
8 9 -409014978
9 10 14614488
10 11 -711332784
11 12 787639412
12 13 -72724941
13 14 349359641
14 15 188143409
15 16 -232516817
16 17 339009614
17 18 369630847
18 19 -173857015
19 20 317554204
20 21 -222689560
21 22 -241863272
22 23 832315895
23 24 410199068
24 25 -371273167
25 26 844350956
26 27 -854395027
27 28 613405747
28 29 261993531
29 30 -204812822
30 31 581622925
31 32 -69260552
32 33 -844386971
33 34 -843486599
34 35 13686574
35 36 -283975761
36 37 842916554
37 38 204866082
38 39 779587856
39 40 238342556
40 41 896902263
41 42 572981968
42 43 -862918026
43 44 -856361936
44 45 -506837519
45 46 631251571
46 47 -743609126
47 48 -454786798
48 49 -150124936
49 50 906270056
50 51 -530857666
51 52 -789945712
52 53 951642109
53 54 -843600523
54 55 205004708
55 56 411424524
56 57 688386249
57 58 -583731709
58 59 -357824525
59 60 132412479
60 61 448792444
61 62 242548683
62 63 85560237
63 64 -999021306
64 65 -451872325
65 66 6310783
66 67 -506962182
67 68 815037628
68 69 824297525
69 70 -725074039
70 71 -984969061
71 72 787701565
72 73 834325133
73 74 -234443216
74 75 953796683
75 76 431317440
76 77 931421122
77 78 -570209390
78 79 900731593
79 80 869120734
80 81 565338491
81 82 24747780
82 83 -384643446
83 84 -465819984
84 85 553843612
85 86 431648387
86 87 532507779
87 88 338571008
88 89 658410677
89 90 155894446
90 91 812475613
91 92 867741963
92 93 -666133933
93 94 824082415
94 95 -19281721
95 96 -591279130
96 97 -944086200
97 98 604006309
98 99 334289127
99 100 510260070
100 101 -400600369
101 102 -262697773
102 103 430290343
103 104 -826335664
104 105 -560461524
105 106 -5218313
106 107 312344343
107 108 805091600
108 109 866022647
109 110 -441772672
110 111 683847599
111 112 785188520
112 113 335685130
113 114 277204216
114 115 -705804669
115 116 441429038
116 117 -679319752
117 118 259179213
118 119 850487326
119 120 188206054
120 121 -762985436
121 122 -50443297
122 123 529665937
123 124 -11098993
124 125 974684447
125 126 647630895
126 127 -33849495
127 128 578603577
128 129 464543845
129 130 -146220103
130 131 -658365314
131 132 556250462
132 133 639742077
133 134 163505391
134 135 -16789572
135 136 920850457
136 137 335306823
137 138 346384340
138 139 565541831
139 140 387723922
140 141 -62963873
141 142 351920812
142 143 907039292
143 144 3486458
144 145 241071362
145 146 309599069
146 147 -747873995
147 148 402095329
148 149 807937121
149 150 103777611
150 151 84950576
151 152 297553998
152 153 947453767
153 154 -372956657
154 155 808031393
155 156 177946782
156 157 774256405
157 158 -133149286
158 159 -884813305
159 160 -256537675
160 161 976236336
161 162 -300869380
162 163 463519866
163 164 -466408421
164 165 822482322
165 166 -479108696
166 167 538630719
167 168 -830114131
168 169 532312466
169 170 -244633880
170 171 575916663
171 172 478178516
172 173 -453036869
173 174 -620857042
174 175 -6492876
175 176 -249900313
176 177 -93987710
177 178 873654152
178 179 159548501
179 180 234385052
180 181 -318847204
181 182 145191572
182 183 -694808308
183 184 -203836376
184 185 -811055166
185 186 -189093637
186 187 79940038
187 188 -573690115
188 189 -442570129
189 190 293754946
190 191 -271776362
191 192 272163701
192 193 -982149698
193 194 220239905
194 195 279465865
195 196 517511087
196 197 -645744492
197 198 -40403823
198 199 174592602
199 200 204026611
200 201 -370167238
201 202 390041668
202 203 -736110007
203 204 635586054
204 205 -104493339
205 206 -223981799
206 207 513737942
207 208 -964818099
208 209 311939144
209 210 -138649547
210 211 -871754946
211 212 -834693399
212 213 225091487
213 214 845686746
214 215 -987428838
215 216 200408897
216 217 -602970158
217 218 188471518
218 219 198116091
219 220 205484337
220 221 622825669
221 222 476014354
222 223 -580995761
223 224 -886766837
224 225 -315540497
225 226 749806581
226 227 761139890
227 228 -27207487
228 229 -136977243
229 230 332698049
230 231 -821041221
231 232 -597423552
232 233 961644916
233 234 -878984943
234 235 858587979
235 236 -847316514
236 237 -134022130
237 238 -999370944
238 239 -3847648
239 240 324837275
240 241 -448794209
241 242 909887769
242 243 657709172
243 244 -769456998
244 245 -936676610
245 246 -274530290
246 247 552977355
247 248 -840754377
248 249 492794222
249 250 -344696273
250 251 898593758
251 252 -77981767
252 253 794326721
253 254 -203332788
254 255 -398057112
255 256 -901274400
256 257 340085027
257 258 -249504990
258 259 -10581684
259 260 -58995570
260 261 -346793089
261 262 -428048159
262 263 768545331
263 264 -353411432
264 265 808927038
265 266 545142274
266 267 433838987
267 268 92251579
268 269 -571237162
269 270 -839855780
270 271 -818319675
271 272 -727315689
272 273 658669655
273 274 -673905344
274 275 443130531
275 276 -194827141
276 277 982975833
277 278 467605980
278 279 554488890
279 280 699537714
280 281 -721925145
281 282 468315059
282 283 -383553193
283 284 645054608
284 285 -546782832
285 286 -688415335
286 287 876943674
287 288 -703098691
288 289 515164624
289 290 -162923895
290 291 -311186987
291 292 -950405165
292 293 831539378
293 294 837215009
294 295 -726859289
295 296 -467578977
296 297 243011209
297 298 -222643548
298 299 -615182834
299 300 -491848947
300 301 -336313114
301 302 -854158275
302 303 988983916
303 304 -712867141
304 305 -274759772
305 306 487211952
306 307 849117883
307 308 -803952282
308 309 247485273
309 310 196624880
310 311 -557005474
311 312 284268541
312 313 -474246257
313 314 3220389
314 315 -834205188
315 316 -891708135
316 317 -945692227
317 318 -248884362
318 319 -770536553
319 320 -558656292
320 321 443846822
321 322 -412988132
322 323 883128449
323 324 -144045417
324 325 -566109413
325 326 761326166
326 327 108702715
327 328 -949946579
328 329 -980161174
329 330 821438803
330 331 -139430335
331 332 349314849
332 333 96506892
333 334 502847963
334 335 -225996554
335 336 13007281
336 337 -804756428
337 338 -766951980
338 339 53207164
339 340 -209216822
340 341 -967415413
341 342 -599535720
342 343 746378354
343 344 -696450563
344 345 -763263412
345 346 852430372
346 347 -758928305
347 348 -909233981
348 349 -161809249
349 350 300126656
350 351 -341824697
351 352 -637370355
352 353 642341951
353 354 -501822900
354 355 58653259
355 356 -976658937
356 357 -448759800
357 358 486677365
358 359 226146039
359 360 -261598858
360 361 -425166748
361 362 569111328
362 363 951186258
363 364 -800582638
364 365 728052644
365 366 744157168
366 367 -550713029
367 368 545989254
368 369 278256738
369 370 -175574558
370 371 -862771290
371 372 728663528
372 373 578792152
373 374 -759866698
374 375 -562769718
375 376 -160789973
376 377 -692629702
377 378 81638734
378 379 -79191896
379 380 -247741580
380 381 645583613
381 382 402935733
382 383 -574385209
383 384 257709541
384 385 808015122
385 386 -667747049
386 387 -702591520
387 388 -44030464
388 389 -983392871
389 390 59220850
390 391 50197096
391 392 -704272201
392 393 -719544930
393 394 -9361036
394 395 127895523
395 396 -296435027
396 397 -326157139
397 398 -719353425
398 399 -26914718
399 400 614156267
400 401 865970318
401 402 82851111
402 403 -967566600
403 404 -578776978
404 405 624389417
405 406 898300216
406 407 -254901610
407 408 570766800
408 409 578751639
409 410 730591024
410 411 36076412
411 412 181472162
412 413 319734493
413 414 -524444727
414 415 -994081174
415 416 -301957858
416 417 385298102
417 418 -547736836
418 419 -821129695
419 420 505056616
420 421 534878744
421 422 76493803
422 423 -237233400
423 424 -288861184
424 425 -216259609
425 426 95025726
426 427 -166429529
427 428 -897220186
428 429 425416497
429 430 688661065
430 431 -102296549
431 432 545532467
432 433 -762497675
433 434 489907654
434 435 -585125377
435 436 -33216829
436 437 -78461175
437 438 657029183
438 439 -247944281
439 440 -809410028
440 441 -636498791
441 442 186437802
442 443 -728806352
443 444 -418096894
444 445 -42052020
445 446 -526703680
446 447 358627181
447 448 -189021250
448 449 -848385482
449 450 -879309718
450 451 -640792261
451 452 -954917853
452 453 425438334
453 454 -841998691
454 455 -865555890
455 456 923294948
456 457 -942777982
457 458 -663560866
458 459 -861519972
459 460 66881246
460 461 -680240083
461 462 336294632
462 463 99550556
463 464 -676119231
464 465 857595494
465 466 -292292493
466 467 549877709
467 468 558834502
468 469 -212729561
469 470 655160276
470 471 690165738
471 472 757646094
472 473 380620696
473 474 -800312805
474 475 432230143
475 476 -158637420
476 477 570008660
477 478 164945122
478 479 -638394981
479 480 -457449626
480 481 369041078
481 482 984852971
482 483 -140666893
483 484 -687100465
484 485 628167011
485 486 -285753326
486 487 -113545191
487 488 314150959
488 489 -204915737
489 490 241263919
490 491 198067946
491 492 -169343241
492 493 892844938
493 494 -228227712
494 495 -977596060
495 496 207162178
496 497 476245270
497 498 -429901626
498 499 -345902597
499 500 -147641765
500 501 -6498969
501 502 260883064
502 503 -473098828
503 504 -27467425
504 505 -649304322
505 506 -955927726
506 507 -422030350
507 508 -962657922
508 509 -425277854
509 510 827430667
510 511 734026888
511 512 104110534
512 513 187366574
513 514 196373449
514 515 757670900
515 516 -228546636
516 517 362177599
517 518 -401168030
518 519 117816817
519 520 312553781
520 521 528361013
521 522 270034149
522 523 311658282
523 524 -581878381
524 525 28348217
525 526 -59126236
526 527 913475071
527 528 -32334855
528 529 318625097
529 530 700493133
530 531 823502243
531 532 -572237393
532 533 -547044430
533 534 -613850609
534 535 -124574703
535 536 -807048822
536 537 -518058734
537 538 -32795747
538 539 485818597
539 540 621425630
540 541 -163242558
541 542 447428400
542 543 -515152285
543 544 355811033
544 545 87005958
545 546 247500991
546 547 213422521
547 548 269360053
548 549 996800657
549 550 -89915171
550 551 490764641
551 552 345383189
552 553 -644995540
553 554 -35493743
554 555 724290764
555 556 454374511
556 557 280541919
557 558 365107689
558 559 -312539669
559 560 -164774415
560 561 -587858486
561 562 991586226
562 563 818724352
563 564 144866703
564 565 743228415
565 566 407772698
566 567 -832081828
567 568 700486030
568 569 264399450
569 570 -68728820
570 571 -895565513
571 572 157843363
572 573 -432493574
573 574 -235968379
574 575 207919230
575 576 -345093159
576 577 95776164
577 578 749667656
578 579 485526722
579 580 949125756
580 581 -800329647
581 582 -854734178
582 583 51219386
583 584 23947848
584 585 -304660218
585 586 -712484351
586 587 30935187
587 588 -83559609
588 589 -113706571
589 590 -874288495
590 591 5543
591 592 534730766
592 593 -25345788
593 594 912525379
594 595 -431281179
595 596 570465931
596 597 684115946
597 598 -599773778
598 599 814952975
599 600 -542072752
600 601 -865975126
601 602 -242802545
602 603 -767112035
603 604 -869706224
604 605 -965114071
605 606 40159277
606 607 -182261212
607 608 -238567241
608 609 -331783515
609 610 286695006
610 611 -930043997
611 612 -952900913
612 613 -120290522
613 614 2732310
614 615 -190166653
615 616 -23260054
616 617 -268260721
617 618 -306139967
618 619 -534999753
619 620 477023414
620 621 -493451921
621 622 -373577089
622 623 269091264
623 624 -20054589
624 625 12380738
625 626 507478293
626 627 443894308
627 628 -409725713
628 629 799034521
629 630 -243841738
630 631 -169891646
631 632 690115789
632 633 -824063665
633 634 255403671
634 635 -986990351
635 636 42969959
636 637 747915740
637 638 -416132512
638 639 338565243
639 640 584429494
640 641 759333918
641 642 488635875
642 643 998155534
643 644 -309508447
644 645 -603821425
645 646 265815448
646 647 -59837436
647 648 -522031830
648 649 799484328
649 650 696226543
650 651 683528972
651 652 641550354
652 653 518555775
653 654 61698033
654 655 -926191733
655 656 926248781
656 657 126019874
657 658 273747572
658 659 -767401924
659 660 -6638880
660 661 -560491904
661 662 946960222
662 663 -791732328
663 664 827789458
664 665 -299206530
665 666 585739065
666 667 -935493411
667 668 -297023389
668 669 990015568
669 670 440251062
670 671 -553859631
671 672 -217786949
672 673 630171575
673 674 178530025
674 675 -640368361
675 676 -79676217
676 677 347507317
677 678 984370905
678 679 -822964991
679 680 980416779
680 681 -246258809
681 682 -581184574
682 683 -815214352
683 684 -130424961
684 685 345712980
685 686 -738100878
686 687 137718797
687 688 330669374
688 689 926319746
689 690 863079663
690 691 204774769
691 692 582999583
692 693 852650770
693 694 -142180480
694 695 -207693967
695 696 -716026042
696 697 -997659998
697 698 532879266
698 699 -442974582
699 700 -275286884
700 701 -833134898
701 702 324893318
702 703 894889414
703 704 -161378161
704 705 -867923048
705 706 -38546130
706 707 -878440368
707 708 434148387
708 709 117471567
709 710 -450640993
710 711 396413945
711 712 836445576
712 713 -502532345
713 714 -66304527
714 715 -621704223
715 716 167411790
716 717 -893691664
717 718 -802826948
718 719 -200062309
719 720 -654918261
720 721 -92172770
721 722 -698927352
722 723 943636226
723 724 881066135
724 725 538052828
725 726 493012821
726 727 944474884
727 728 -624966293
728 729 856811584
729 730 -233554913
730 731 -845093877
731 732 815142741
732 733 552323640
733 734 -805003988
734 735 807640403
735 736 308843687
736 737 -89599661
737 738 83511281
738 739 -40218212
739 740 -927266509
740 741 -114982909
741 742 -729193368
742 743 -876600952
743 744 815913878
744 745 27613937
745 746 -414855065
746 747 -47000854
747 748 -244901706
748 749 -861843027
749 750 988886012
750 751 -160675401
751 752 262440086
752 753 -874337825
753 754 795493162
754 755 470837821
755 756 688460511
756 757 800680805
757 758 -208103516
758 759 -259389145
759 760 -862217347
760 761 -777883084
761 762 -427748205
762 763 145086555
763 764 -174675178
764 765 -847697607
765 766 -561993688
766 767 -490854504
767 768 -212012583
768 769 680603780
769 770 726842390
770 771 -170460971
771 772 195181946
772 773 -683453661
773 774 -445066451
774 775 108700066
775 776 774595163
776 777 -190690584
777 778 -362362893
778 779 19198649
779 780 531477288
780 781 -954039132
781 782 773088955
782 783 34219925
783 784 264670634
784 785 -510150226
785 786 383345714
786 787 69612535
787 788 7977809
788 789 -979811291
789 790 -286157108
790 791 22569096
791 792 -809628663
792 793 362752421
793 794 151924966
794 795 448210713
795 796 -227120779
796 797 248727319
797 798 -893542289
798 799 478923258
799 800 -870342884
800 801 998693856
801 802 307028193
802 803 685187822
803 804 152380797
804 805 -504027257
805 806 449618180
806 807 471655331
807 808 -40454729
808 809 628242848
809 810 412664428
810 811 131494295
811 812 964013504
812 813 -600219599
813 814 264017055
814 815 -115381246
815 816 903673661
816 817 658943042
817 818 -52020205
818 819 -340990085
819 820 605046831
820 821 -571570678
821 822 301436304
822 823 533048962
823 824 315042317
824 825 -35493269
825 826 989417444
826 827 899810630
827 828 -745946538
828 829 -869818575
829 830 -145958251
830 831 354444415
831 832 963562662
832 833 -196184729
833 834 -891801456
834 835 671723381
835 836 -668867079
836 837 578766119
837 838 637373452
838 839 -929650483
839 840 529963991
840 841 -848119241
841 842 509685661
842 843 545240470
843 844 -547467028
844 845 41544876
845 846 -238393620
846 847 -104111086
847 848 489123591
848 849 2868902
849 850 -428102646
850 851 75080077
851 852 -440131628
852 853 -670799680
853 854 -47468146
854 855 214622008
855 856 -657293840
856 857 -108486780
857 858 478316678
858 859 95526562
859 860 -407911780
860 861 240108261
861 862 46790146
862 863 -312771067
863 864 -466853220
864 865 362220373
865 866 -818972447
866 867 -615194755
867 868 576501538
868 869 -67567192
869 870 -333164897
870 871 864080889
871 872 12088653
872 873 -597448800
873 874 384232859
874 875 672772478
875 876 -841069054
876 877 -93761357
877 878 -206196823
878 879 143896080
879 880 809659974
880 881 -43059591
881 882 -729367230
882 883 -970082737
883 884 191016670
884 885 -500855120
885 886 -853663637
886 887 -608610255
887 888 272935867
888 889 64101473
889 890 -523278754
890 891 -118168050
891 892 204763362
892 893 59907957
893 894 858703788
894 895 316782866
895 896 288610864
896 897 60638454
897 898 -567772174
898 899 -639475247
899 900 476967622
900 901 -137494526
901 902 588059293
902 903 -498090865
903 904 111762633
904 905 783560182
905 906 303116530
906 907 -109386851
907 908 341247288
908 909 -934612918
909 910 789714091
910 911 -857396328
911 912 -744144050
912 913 963360455
913 914 -490329184
914 915 -537699527
915 916 55601212
916 917 -832604698
917 918 -893479746
918 919 -344971093
919 920 221521332
920 921 -390053549
921 922 -121080090
922 923 -976804062
923 924 320849570
924 925 -545466416
925 926 591064386
926 927 -356375133
927 928 -456513644
928 929 -852666688
929 930 941184787
930 931 437137376
931 932 836545676
932 933 610278182
933 934 -336152118
934 935 -700361136
935 936 -634587909
936 937 528669790
937 938 -890567884
938 939 863744649
939 940 -552750026
940 941 564871562
941 942 -419915946
942 943 187470695
943 944 -130556088
944 945 303306571
945 946 384068348
946 947 825075509
947 948 954532881
948 949 718595972
949 950 -540730199
950 951 260185511
951 952 242997091
952 953 -915258776
953 954 -516806461
954 955 -321433758
955 956 328136795
956 957 -526331511
957 958 556704955
958 959 -604767313
959 960 -460885282
960 961 -646241975
961 962 519395540
962 963 -43077858
963 964 -689958853
964 965 -248083296
965 966 800484946
966 967 358518389
967 968 235484346
968 969 -286375948
969 970 577105416
970 971 -763592822
971 972 253263665
972 973 -382001579
973 974 473889272
974 975 -757788407
975 976 377622599
976 977 -70571018
977 978 -556818845
978 979 324567190
979 980 -58438277
980 981 919298818
981 982 10133057
982 983 -332746213
983 984 -950915172
984 985 -506273444
985 986 -528528115
986 987 -77739900
987 988 -116147182
988 989 3135012
989 990 232732100
990 991 -906335926
991 992 188897659
992 993 -740507066
993 994 -338103097
994 995 -746211813
995 996 -786368170
996 997 -902132259
997 998 -482372613
998 999 -692636623
999 1000 734739200
1000 1001 -560762589
1001 1002 865974048
1002 1003 -204504621
1003 1004 -497673397
1004 1005 -315445174
1005 1006 963351567
1006 1007 280920199
1007 1008 -844964471
1008 1009 615493956
1009 1010 -852290489
1010 1011 666160533
1011 1012 -981022314
1012 1013 -550674907
1013 1014 -881417696
1014 1015 166740025
1015 1016 508029509
1016 1017 -337423357
1017 1018 -124191183
1018 1019 -797574584
1019 1020 -73209601
1020 1021 -778511190
1021 1022 901671927
1022 1023 931844415
1023 1024 -716883625
1024 1025 -821293375
1025 1026 621504746
1026 1027 545612709
1027 1028 308705103
1028 1029 -374971640
1029 1030 -833300634
1030 1031 879128859
1031 1032 -30121819
1032 1033 488939924
1033 1034 -505360123
1034 1035 348177492
1035 1036 -493458288
1036 1037 545378082
1037 1038 -481982923
1038 1039 -751833773
1039 1040 -782144647
1040 1041 -430311862
1041 1042 393792219
1042 1043 885639756
1043 1044 -350552011
1044 1045 -739789127
1045 1046 240199905
1046 1047 497119459
1047 1048 712878591
1048 1049 -507309354
1049 1050 -142783419
1050 1051 -551994684
1051 1052 -909366973
1052 1053 -699721265
1053 1054 632421473
1054 1055 -199853141
1055 1056 177106466
1056 1057 981560053
1057 1058 -566368122
1058 1059 829661356
1059 1060 527021289
1060 1061 -301270436
1061 1062 -244309682
1062 1063 -753220823
1063 1064 -945669708
1064 1065 60924577
1065 1066 445417138
1066 1067 80077134
1067 1068 -702242674
1068 1069 37430069
1069 1070 26334320
1070 1071 -529137075
1071 1072 769728160
1072 1073 962638479
1073 1074 121840784
1074 1075 115669887
1075 1076 693729053
1076 1077 -324732996
1077 1078 -964726482
1078 1079 819471750
1079 1080 -393955900
1080 1081 -417231855
1081 1082 848624416
1082 1083 -417915934
1083 1084 474902355
1084 1085 -927716556
1085 1086 -968908059
1086 1087 519303260
1087 1088 219493522
1088 1089 -111373020
1089 1090 423518600
1090 1091 -73525540
1091 1092 -865199678
1092 1093 -809510827
1093 1094 123250667
1094 1095 -216835074
1095 1096 453253319
1096 1097 379402923
1097 1098 992408400
1098 1099 864090867
1099 1100 -330163314
1100 1101 583927349
1101 1102 150309213
1102 1103 -933793065
1103 1104 472549228
1104 1105 909524948
1105 1106 -972537011
1106 1107 774055027
1107 1108 1229828
1108 1109 -475630277
1109 1110 602362873
1110 1111 795635966
1111 1112 -66838861
1112 1113 -824637302
1113 1114 -968418565
1114 1115 -312104605
1115 1116 -578502451
1116 1117 622322552
1117 1118 -147720773
1118 1119 103714959
1119 1120 550362796
1120 1121 568742027
1121 1122 123954291
1122 1123 700927212
1123 1124 -902298465
1124 1125 834177919
1125 1126 788533662
1126 1127 757188577
1127 1128 -409774247
1128 1129 183289897
1129 1130 41912639
1130 1131 -166148445
1131 1132 51803008
1132 1133 110551980
1133 1134 -158899702
1134 1135 -941351825
1135 1136 992052915
1136 1137 991943706
1137 1138 646506360
1138 1139 76430960
1139 1140 -554903903
1140 1141 -303917368
1141 1142 -275393413
1142 1143 -753098422
1143 1144 160856653
1144 1145 -126777378
1145 1146 -964309439
1146 1147 -722913938
1147 1148 918592248
1148 1149 -921486071
1149 1150 904637694
1150 1151 733752010
1151 1152 -539894219
1152 1153 257091872
1153 1154 -53164301
1154 1155 -322264470
1155 1156 970410030
1156 1157 -213496664
1157 1158 -738290438
1158 1159 -883941732
1159 1160 -808356806
1160 1161 139329978
1161 1162 602473818
1162 1163 417764593
1163 1164 366440490
1164 1165 610496520
1165 1166 -683005955
1166 1167 369254818
1167 1168 -930998951
1168 1169 -523841643
1169 1170 -507728738
1170 1171 8358153
1171 1172 730612096
1172 1173 551375853
1173 1174 -424422965
1174 1175 -987350495
1175 1176 -447057336
1176 1177 -834041213
1177 1178 -186061553
1178 1179 84683463
1179 1180 453801649
1180 1181 728615196
1181 1182 463097697
1182 1183 120634979
1183 1184 201492511
1184 1185 638272811
1185 1186 -960751144
1186 1187 -763190557
1187 1188 -876765617
1188 1189 -787485123
1189 1190 8773184
1190 1191 46820777
1191 1192 -77766194
1192 1193 -555815736
1193 1194 688511588
1194 1195 -15652333
1195 1196 -821427911
1196 1197 344135203
1197 1198 117712450
1198 1199 679514513
1199 1200 -463018961
1200 1201 823224257
1201 1202 -959034391
1202 1203 208496129
1203 1204 764687864
1204 1205 -822089848
1205 1206 167627470
1206 1207 676640394
1207 1208 517307239
1208 1209 961878452
1209 1210 163451718
1210 1211 987813573
1211 1212 -58113316
1212 1213 485205979
1213 1214 -265344090
1214 1215 36252490
1215 1216 -310868019
1216 1217 960434142
1217 1218 996611886
1218 1219 926171196
1219 1220 -68078063
1220 1221 728567010
1221 1222 142204824
1222 1223 161649803
1223 1224 -341268860
1224 1225 794444357
1225 1226 -297673365
1226 1227 -751815653
1227 1228 716783138
1228 1229 635198221
1229 1230 -354961725
1230 1231 -732030491
1231 1232 861273919
1232 1233 636651645
1233 1234 351026374
1234 1235 412778296
1235 1236 -130495954
1236 1237 980717464
1237 1238 194428771
1238 1239 56544604
1239 1240 749770709
1240 1241 971025844
1241 1242 332519257
1242 1243 18593863
1243 1244 671370928
1244 1245 -4861146
1245 1246 -290932030
1246 1247 301239823
1247 1248 -380232896
1248 1249 821886369
1249 1250 -288160434
1250 1251 -48807670
1251 1252 805047457
1252 1253 -959381154
1253 1254 59888241
1254 1255 -488877784
1255 1256 -396760614
1256 1257 794640713
1257 1258 -66873331
1258 1259 -687852604
1259 1260 -478442445
1260 1261 514283098
1261 1262 -529178777
1262 1263 -827329205
1263 1264 815656322
1264 1265 -437722411
1265 1266 863489799
1266 1267 806995636
1267 1268 -406953165
1268 1269 -383823955
1269 1270 -150480032
1270 1271 -591323362
1271 1272 600083145
1272 1273 -300249443
1273 1274 -185235707
1274 1275 174921290
1275 1276 128491783
1276 1277 728038596
1277 1278 -237274694
1278 1279 940414915
1279 1280 -699774966
1280 1281 -367878951
1281 1282 -379397149
1282 1283 309462647
1283 1284 969294876
1284 1285 -963070308
1285 1286 433039701
1286 1287 504246820
1287 1288 512636389
1288 1289 499417480
1289 1290 -468690597
1290 1291 56654597
1291 1292 93983756
1292 1293 -685400227
1293 1294 237205424
1294 1295 935810183
1295 1296 100418688
1296 1297 169330014
1297 1298 -496416134
1298 1299 -914934938
1299 1300 97388065
1300 1301 -267952268
1301 1302 -540560248
1302 1303 802772586
1303 1304 -754462185
1304 1305 -95933631
1305 1306 983330697
1306 1307 854621510
1307 1308 -950566400
1308 1309 128258830
1309 1310 -80711245
1310 1311 -321759288
1311 1312 -580820537
1312 1313 -786891377
1313 1314 -514257967
1314 1315 -652976755
1315 1316 430352476
1316 1317 -450186730
1317 1318 -84255936
1318 1319 -17483749
1319 1320 -856109193
1320 1321 -826088819
1321 1322 415452853
1322 1323 -47587301
1323 1324 685006095
1324 1325 231122163
1325 1326 -876065966
1326 1327 331896308
1327 1328 -114816019
1328 1329 -266946057
1329 1330 793928579
1330 1331 -599567623
1331 1332 -257117128
1332 1333 271119536
1333 1334 -38899166
1334 1335 770539202
1335 1336 637753278
1336 1337 668837531
1337 1338 33787344
1338 1339 986437924
1339 1340 286126940
1340 1341 -890294645
1341 1342 -601343755
1342 1343 538314095
1343 1344 -765746709
1344 1345 -845017692
1345 1346 -200262378
1346 1347 -79569460
1347 1348 88853378
1348 1349 -595314137
1349 1350 264733532
1350 1351 63779021
1351 1352 -107278494
1352 1353 -347066695
1353 1354 270073045
1354 1355 -537226818
1355 1356 531004270
1356 1357 939320378
1357 1358 -639839943
1358 1359 30115693
1359 1360 -205338648
1360 1361 -32888440
1361 1362 720452543
1362 1363 -238311759
1363 1364 -525942633
1364 1365 -235253054
1365 1366 -383567120
1366 1367 -728663098
1367 1368 -906692971
1368 1369 262965886
1369 1370 568192029
1370 1371 732586831
1371 1372 -808612889
1372 1373 833760143
1373 1374 -632758384
1374 1375 -553905044
1375 1376 -550275785
1376 1377 -947684634
1377 1378 784688449
1378 1379 737794891
1379 1380 835226810
1380 1381 212900835
1381 1382 224607707
1382 1383 454059438
1383 1384 -638059914
1384 1385 -128108839
1385 1386 -862068640
1386 1387 495121303
1387 1388 -557152692
1388 1389 237884829
1389 1390 89408694
1390 1391 -982729036
1391 1392 630932455
1392 1393 -605322525
1393 1394 -207161948
1394 1395 -728222230
1395 1396 -896842564
1396 1397 -348643566
1397 1398 550393454
1398 1399 96493508
1399 1400 -749889212
1400 1401 -692521695
1401 1402 -371562945
1402 1403 -32462452
1403 1404 -91889077
1404 1405 -142331410
1405 1406 -58051378
1406 1407 345246581
1407 1408 -503710993
1408 1409 335488367
1409 1410 -480214127
1410 1411 408760117
1411 1412 28746078
1412 1413 539675530
1413 1414 -15681349
1414 1415 764660433
1415 1416 -820229183
1416 1417 512322243
1417 1418 -447343295
1418 1419 445816445
1419 1420 -571814488
1420 1421 -367615213
1421 1422 431093364
1422 1423 949214303
1423 1424 834203328
1424 1425 227503928
1425 1426 517567258
1426 1427 802739189
1427 1428 491443020
1428 1429 -972909368
1429 1430 302356450
1430 1431 622354642
1431 1432 -731325703
1432 1433 -775238304
1433 1434 524576173
1434 1435 -567630299
1435 1436 -737103475
1436 1437 -875287582
1437 1438 920440843
1438 1439 234708232
1439 1440 -944283155
1440 1441 609140954
1441 1442 -348421675
1442 1443 -353042581
1443 1444 -17858944
1444 1445 -81556104
1445 1446 601936719
1446 1447 -867445786
1447 1448 -25473057
1448 1449 644705524
1449 1450 763114705
1450 1451 352679976
1451 1452 -138175698
1452 1453 695051040
1453 1454 -279598393
1454 1455 51597465
1455 1456 -191413727
1456 1457 76653731
1457 1458 488146944
1458 1459 282566811
1459 1460 812522250
1460 1461 -375959974
1461 1462 -506811473
1462 1463 988317504
1463 1464 462920768
1464 1465 854891769
1465 1466 -720553186
1466 1467 -680705183
1467 1468 943009638
1468 1469 -648118386
1469 1470 -366447559
1470 1471 -46645223
1471 1472 90825605
1472 1473 740274507
1473 1474 -762946452
1474 1475 -113110772
1475 1476 885000730
1476 1477 755909187
1477 1478 75401563
1478 1479 -900183927
1479 1480 -448451722
1480 1481 280752864
1481 1482 925148205
1482 1483 670612728
1483 1484 -77925516
1484 1485 -260615035
1485 1486 907760626
1486 1487 924860985
1487 1488 69641652
1488 1489 -249788529
1489 1490 -732306034
1490 1491 806359924
1491 1492 181938016
1492 1493 28858011
1493 1494 -645721528
1494 1495 -50763726
1495 1496 999090654
1496 1497 -36724471
1497 1498 -146438648
1498 1499 180961662
1499 1500 607921520
1500 1501 852428136
1501 1502 154642230
1502 1503 -587664680
1503 1504 -929769688
1504 1505 -959852631
1505 1506 -684442670
1506 1507 -134410713
1507 1508 543810539
1508 1509 -444661526
1509 1510 -535774920
1510 1511 -53973257
1511 1512 79679579
1512 1513 155332517
1513 1514 706986948
1514 1515 821475840
1515 1516 949212018
1516 1517 310426734
1517 1518 -681413032
1518 1519 490571714
1519 1520 -151052388
1520 1521 -307979030
1521 1522 942189958
1522 1523 -287869915
1523 1524 -428986410
1524 1525 674241725
1525 1526 -778651565
1526 1527 -814366204
1527 1528 -933477127
1528 1529 962650694
1529 1530 838489475
1530 1531 -573260588
1531 1532 -105266028
1532 1533 -93648518
1533 1534 -137518439
1534 1535 -30746680
1535 1536 211721384
1536 1537 495803644
1537 1538 994387440
1538 1539 -559846398
1539 1540 961430659
1540 1541 -256820382
1541 1542 -883676818
1542 1543 -249616016
1543 1544 574024570
1544 1545 -239735641
1545 1546 909505148
1546 1547 -960050035
1547 1548 -110759644
1548 1549 719130894
1549 1550 -526636799
1550 1551 -822871610
1551 1552 -911414381
1552 1553 -919341348
1553 1554 49813382
1554 1555 31136866
1555 1556 -603173581
1556 1557 290213350
1557 1558 -722537525
1558 1559 671951908
1559 1560 -21334497
1560 1561 11460568
1561 1562 109411109
1562 1563 168720429
1563 1564 152377311
1564 1565 -728494294
1565 1566 831351583
1566 1567 -813256224
1567 1568 -637714163
1568 1569 -855894386
1569 1570 -326543857
1570 1571 -367686921
1571 1572 338998459
1572 1573 -25526317
1573 1574 230709448
1574 1575 431041147
1575 1576 -562715550
1576 1577 -916305054
1577 1578 354688554
1578 1579 410075910
1579 1580 23535917
1580 1581 -211759321
1581 1582 917027961
1582 1583 366659166
1583 1584 -275549359
1584 1585 675962898
1585 1586 319540648
1586 1587 504247838
1587 1588 -260901373
1588 1589 -369057082
1589 1590 -840141289
1590 1591 914745209
1591 1592 530353048
1592 1593 -740729251
1593 1594 161733978
1594 1595 -272514252
1595 1596 -364970516
1596 1597 -945522901
1597 1598 203765845
1598 1599 -916831165
1599 1600 978674911
1600 1601 -953400250
1601 1602 217789602
1602 1603 561789463
1603 1604 404362223
1604 1605 183186032
1605 1606 473438399
1606 1607 -778323431
1607 1608 104279426
1608 1609 -580775833
1609 1610 -923315388
1610 1611 891947878
1611 1612 -377891130
1612 1613 -466223516
1613 1614 -223218352
1614 1615 -602842637
1615 1616 674525278
1616 1617 -733159621
1617 1618 -878189787
1618 1619 775064123
1619 1620 204284528
1620 1621 -824124467
1621 1622 -570357517
1622 1623 778551455
1623 1624 -861184418
1624 1625 -688319968
1625 1626 265445850
1626 1627 253420865
1627 1628 906333689
1628 1629 482712433
1629 1630 -68351154
1630 1631 594997057
1631 1632 -579785734
1632 1633 -237813549
1633 1634 -208853570
1634 1635 949384994
1635 1636 -381479948
1636 1637 -496362055
1637 1638 842763189
1638 1639 -522205045
1639 1640 -727135118
1640 1641 -987719126
1641 1642 989548281
1642 1643 566837767
1643 1644 618786087
1644 1645 -956311990
1645 1646 418067574
1646 1647 -662334837
1647 1648 -87822291
1648 1649 741135959
1649 1650 772322334
1650 1651 -116495271
1651 1652 64619416
1652 1653 -539628134
1653 1654 127568827
1654 1655 194961742
1655 1656 -465404358
1656 1657 -214492528
1657 1658 828876149
1658 1659 591690713
1659 1660 873863903
1660 1661 487132711
1661 1662 -728717678
1662 1663 -86110657
1663 1664 827847285
1664 1665 460356405
1665 1666 876743315
1666 1667 916285767
1667 1668 15942421
1668 1669 -108531266
1669 1670 -504518475
1670 1671 -158676342
1671 1672 62302292
1672 1673 -983962283
1673 1674 93712172
1674 1675 309665909
1675 1676 990183204
1676 1677 -252651481
1677 1678 -922011236
1678 1679 -274191526
1679 1680 -940859822
1680 1681 -48375940
1681 1682 29677820
1682 1683 -218516582
1683 1684 -916998906
1684 1685 -225460017
1685 1686 941615623
1686 1687 786230315
1687 1688 -240398245
1688 1689 662237238
1689 1690 -703753042
1690 1691 -623613842
1691 1692 -440190270
1692 1693 -173144552
1693 1694 599102470
1694 1695 -831941917
1695 1696 372181349
1696 1697 515874345
1697 1698 -1826069
1698 1699 553310133
1699 1700 -591286691
1700 1701 679462119
1701 1702 167608843
1702 1703 -312117393
1703 1704 682258424
1704 1705 -149099295
1705 1706 731651509
1706 1707 -530798790
1707 1708 293644330
1708 1709 -87210955
1709 1710 -940815034
1710 1711 -1627497
1711 1712 -493914782
1712 1713 464062011
1713 1714 576756631
1714 1715 269312145
1715 1716 115016459
1716 1717 339394062
1717 1718 772601416
1718 1719 782972321
1719 1720 -990508673
1720 1721 110295066
1721 1722 -396215002
1722 1723 359999769
1723 1724 539268451
1724 1725 136490520
1725 1726 -577844294
1726 1727 260056658
1727 1728 -435742528
1728 1729 -793469318
1729 1730 281219558
1730 1731 940554737
1731 1732 -99124977
1732 1733 415999223
1733 1734 -156928452
1734 1735 -273182603
1735 1736 -442049152
1736 1737 -572951277
1737 1738 -367438329
1738 1739 -883941556
1739 1740 191088833
1740 1741 881024634
1741 1742 -13932968
1742 1743 948920942
1743 1744 667982844
1744 1745 473336337
1745 1746 -184341163
1746 1747 760135660
1747 1748 -458396532
1748 1749 -466372190
1749 1750 -732245550
1750 1751 -858786877
1751 1752 -934674291
1752 1753 -408076786
1753 1754 656298017
1754 1755 -509084207
1755 1756 84483814
1756 1757 132678585
1757 1758 224123942
1758 1759 -499126555
1759 1760 -75525707
1760 1761 808211842
1761 1762 -758947642
1762 1763 804675068
1763 1764 -292234302
1764 1765 -736653786
1765 1766 -558855846
1766 1767 -959395687
1767 1768 252592812
1768 1769 419796308
1769 1770 -113096217
1770 1771 -295219242
1771 1772 -53621251
1772 1773 -757718791
1773 1774 159575125
1774 1775 653644057
1775 1776 113097392
1776 1777 518574130
1777 1778 -205698453
1778 1779 -497427874
1779 1780 -982629212
1780 1781 206284233
1781 1782 399537285
1782 1783 892395527
1783 1784 964178490
1784 1785 821749820
1785 1786 545972383
1786 1787 258080123
1787 1788 -539997875
1788 1789 801850411
1789 1790 201664576
1790 1791 -718447924
1791 1792 633679921
1792 1793 601628779
1793 1794 525047559
1794 1795 -844276989
1795 1796 67369261
1796 1797 887261873
1797 1798 520875402
1798 1799 348651017
1799 1800 -404102975
1800 1801 -99162999
1801 1802 252899126
1802 1803 647125765
1803 1804 319990263
1804 1805 636401777
1805 1806 -493077120
1806 1807 145231886
1807 1808 -246156357
1808 1809 15976799
1809 1810 258388108
1810 1811 -875506294
1811 1812 398262758
1812 1813 413289635
1813 1814 843596370
1814 1815 -142115787
1815 1816 -296852640
1816 1817 -907714780
1817 1818 322518825
1818 1819 -241882354
1819 1820 172925747
1820 1821 484298676
1821 1822 -360248812
1822 1823 674529343
1823 1824 -959013579
1824 1825 561579841
1825 1826 -322735294
1826 1827 -713936307
1827 1828 162962742
1828 1829 757588099
1829 1830 561846948
1830 1831 -144597570
1831 1832 -328541815
1832 1833 -79290983
1833 1834 -732091671
1834 1835 -544349019
1835 1836 979892304
1836 1837 201438049
1837 1838 -461980316
1838 1839 763262133
1839 1840 686766467
1840 1841 320360017
1841 1842 489054869
1842 1843 -140049730
1843 1844 193925392
1844 1845 273456884
1845 1846 964013622
1846 1847 -437107499
1847 1848 -699881384
1848 1849 954377915
1849 1850 403051317
1850 1851 -487547419
1851 1852 -907463140
1852 1853 752292816
1853 1854 571705706
1854 1855 566514065
1855 1856 -232620382
1856 1857 497564341
1857 1858 -589632963
1858 1859 -186291215
1859 1860 159695314
1860 1861 -851129577
1861 1862 -60814837
1862 1863 618949421
1863 1864 -89354625
1864 1865 939765847
1865 1866 -92313509
1866 1867 164610541
1867 1868 845888678
1868 1869 -634950447
1869 1870 -817387833
1870 1871 -675922118
1871 1872 609964144
1872 1873 733907
1873 1874 -632955723
1874 1875 707582320
1875 1876 909148839
1876 1877 756884051
1877 1878 452844609
1878 1879 -481314633
1879 1880 74763279
1880 1881 649573571
1881 1882 -412716546
1882 1883 -830134603
1883 1884 776076910
1884 1885 580444973
1885 1886 573626453
1886 1887 -533067953
1887 1888 363140647
1888 1889 106684531
1889 1890 -823013290
1890 1891 -801676756
1891 1892 203483141
1892 1893 75250994
1893 1894 -518401236
1894 1895 168554773
1895 1896 -229301716
1896 1897 553497521
1897 1898 -219571210
1898 1899 519923962
1899 1900 930234832
1900 1901 -671359902
1901 1902 -817362252
1902 1903 777901095
1903 1904 -778234574
1904 1905 -284774608
1905 1906 -469222217
1906 1907 590373999
1907 1908 532359270
1908 1909 596335496
1909 1910 21187272
1910 1911 -396656734
1911 1912 -237487625
1912 1913 614805482
1913 1914 896021144
1914 1915 171748047
1915 1916 435204599
1916 1917 4468793
1917 1918 123565445
1918 1919 -321523602
1919 1920 434470034
1920 1921 179039965
1921 1922 -26247849
1922 1923 -697845186
1923 1924 66448063
1924 1925 617484595
1925 1926 648436608
1926 1927 -662191050
1927 1928 -794724652
1928 1929 -585094442
1929 1930 -992653900
1930 1931 427352164
1931 1932 -811388467
1932 1933 446371737
1933 1934 447286681
1934 1935 721745376
1935 1936 -713429321
1936 1937 -574349938
1937 1938 37004437
1938 1939 543627287
1939 1940 -385275101
1940 1941 -479401025
1941 1942 -722625014
1942 1943 841584487
1943 1944 -314972318
1944 1945 917551727
1945 1946 -885409460
1946 1947 -973840047
1947 1948 -385955566
1948 1949 -476118701
1949 1950 -34283232
1950 1951 340262482
1951 1952 128652288
1952 1953 968648813
1953 1954 -373442390
1954 1955 -494823736
1955 1956 -671057814
1956 1957 -476140476
1957 1958 259445325
1958 1959 -163415512
1959 1960 384620627
1960 1961 134046609
1961 1962 259417595
1962 1963 218471810
1963 1964 125171242
1964 1965 -744354961
1965 1966 611527460
1966 1967 -395620414
1967 1968 -509892802
1968 1969 -26435920
1969 1970 -870959423
1970 1971 943512686
1971 1972 -702162083
1972 1973 -439650243
1973 1974 -477196834
1974 1975 632384075
1975 1976 -91106485
1976 1977 -329218320
1977 1978 522553637
1978 1979 116719904
1979 1980 -832466053
1980 1981 -318088685
1981 1982 -425779159
1982 1983 857430031
1983 1984 -281979616
1984 1985 999841713
1985 1986 343731427
1986 1987 577310689
1987 1988 -440113278
1988 1989 -499918931
1989 1990 325330422
1990 1991 -716070395
1991 1992 -291353082
1992 1993 -954577202
1993 1994 950185559
1994 1995 -149892592
1995 1996 -329140999
1996 1997 -172335661
1997 1998 766872501
1998 1999 530320292
1999 2000 528084442
585 292 -296539777
2 1390 429
2 116 1498
1 1328 758273232
1 999 597273807
1 1264 807108706
2 252 1299
2 798 643
1 559 534287995
1 250 882639672
2 980 57
2 466 1970
1 1597 -847197405
1 1696 974971262
1 276 -810271349
1 1313 -654383696
1 213 543631672
2 1984 1052
2 848 841
2 1754 583
1 284 679466961
2 1510 413
1 164 -25928651
1 1239 -480045049
1 182 -20090619
2 1443 56
2 697 1830
1 1816 798855354
2 1366 1312
1 119 -398090414
2 909 916
1 1877 305789964
2 655 768
2 1093 254
1 1251 -717563173
1 775 170846845
2 702 774
2 1253 823
2 975 1632
1 1360 970365274
2 1396 1091
1 1082 -287802905
1 1762 -894169367
1 1510 358282404
2 1684 1368
2 229 573
1 1308 -269924253
2 1216 866
1 174 -499092494
1 1885 -135457155
1 924 71362518
2 299 489
1 352 -902853350
1 1670 -745696134
2 1204 1940
1 1220 390192861
1 1322 165617364
1 1862 -587993834
1 570 -590307439
1 1744 242043304
2 691 1980
2 1909 361
2 1495 308
1 1586 199633890
1 1528 49822645
2 960 1194
1 428 814743075
1 1860 162868505
2 893 1109
1 868 -895212292
2 1253 567
2 1629 405
1 642 941015127
2 752 131
1 1161 -733874590
1 1087 -827834128
2 1153 305
1 1404 -31978953
1 530 -356469650
2 1074 74
1 774 -572447455
1 452 129755658
1 821 959446281
2 1356 1901
1 1516 -318401661
1 1983 -457202851
2 1219 463
1 1169 -841167208
2 1631 120
2 1369 761
2 1242 1721
1 1365 445107530
2 1611 52
2 307 1098
2 594 1470
2 1316 1694
2 995 1033
1 1660 855693044
2 1113 1901
2 1265 1860
2 1262 1577
1 1789 -36642819
1 1405 770457933
1 169 -215507935
2 1153 1572
2 901 1570
2 609 1160
1 1200 -158544073
2 925 524
2 1371 1334
1 848 -71059813
2 1188 1166
1 199 -830913501
2 1741 186
1 417 -591020754
1 1912 -185198031
2 1734 227
2 1112 256
2 779 1797
1 1138 -814289070
1 242 990225334
1 1395 -765409037
2 853 1116
1 716 507167922
2 902 914
2 964 795
2 225 1339
1 772 569984025
2 1507 1531
1 1336 -437870403
1 758 -810183100
1 25 -493051024
2 1905 1664
1 1466 432213937
2 1753 144
2 216 1310
1 1647 -461162514
1 386 548770657
2 231 139
1 1923 -605939843
1 755 -374005873
2 14 667
2 1387 1028
2 857 1126
1 549 143278287
2 1621 785
1 265 793446901
1 765 -58022265
2 236 1062
1 1278 -418252644
2 734 1419
1 1298 219656485
2 376 366
1 1390 -240383561
2 968 1518
1 1010 -778983453
1 1088 686515902
1 1726 776751074
2 328 844
1 1521 845094481
1 1067 623624394
1 1565 -558606135
1 597 -894177073
1 9 -274903996
2 404 1420
2 246 1118
1 1005 -836111571
1 1750 846499121
2 43 691
1 212 446138938
2 709 1727
2 30 1535
2 1841 585
2 66 1453
1 915 -622043920
1 1682 552495405
2 1232 91
1 1735 60579710
1 1140 196913211
1 86 -559986197
1 1113 -218108108
1 1292 155272324
1 1452 -66664409
1 495 178274119
1 737 954568888
1 1720 -392012244
1 1868 -215437114
2 1845 1756
1 364 787815250
1 886 189812949
2 1786 1187
2 348 15
1 234 -754762237
2 1258 2000
2 611 93
2 12 274
1 1815 -382040987
1 1689 781893731
1 469 -535545378
2 276 1941
2 1106 1912
1 299 35260829
2 77 724
2 997 1139
2 280 59
1 902 -307656121
2 872 868
2 1750 156
2 356 1479
1 812 828742444
1 1590 326164645
1 1501 81537395
1 932 -129064927
2 1623 543
2 458 1330
1 1567 -797031919
1 1424 -412023384
1 630 -779190075
1 287 -270063889
1 993 256836158
1 1281 -393871932
2 81 937
1 1052 922248789
1 749 -768804051
1 1924 820804560
2 558 895
1 576 -260329554
2 1984 435
2 1537 77
2 1009 1679
1 282 -889960542
1 970 -420207538
1 761 940389541
1 155 -9433311
1 559 -387752498
2 1593 1553
2 457 891
2 1143 1632
2 1733 1941
2 1988 1358
2 1133 1245
2 1282 1097
2 1915 1318
2 1239 1339
1 466 336853883
1 1337 715865338
1 418 132917187
2 119 1709
2 1098 274
2 1849 1808
1 1115 197879604
2 110 350
2 1450 1840
2 1254 1379
2 424 213
2 1762 1051
2 1302 1821
2 1224 1925
1 1392 276531862
2 1741 1595
2 1420 1278
2 847 1612
2 1565 1841
1 966 83541588
2 1375 1268
1 97 319597214
1 1155 127937770
1 1317 -482519110
2 780 1238
2 1074 1913
2 741 19
1 1146 471818780
2 588 1276
2 868 927
2 1952 574
1 821 279144728
2 1577 392
1 1784 77963995
2 1086 578
2 779 1347
2 1067 203
1 1079 -480340167
1 219 -794613435
2 103 1959
1 1945 -254018321
1 1286 -644207609
2 1730 1375
2 1835 830
1 547 200519023
1 623 316862425
1 1904 217774716
2 454 730
2 1147 140
2 971 553
1 1830 -711138618
1 392 -78000686
1 1803 -154579168
1 323 -536367647
2 375 58
2 536 1077
1 1545 299711108
1 1754 -689000543
1 1069 654372419
2 1485 615
2 588 378
2 772 1431
1 1076 327656439
2 1659 1161
2 791 835
1 476 -924172068
2 674 1354
2 1822 636
2 452 1174
1 1276 -417633508
1 1273 418000732
1 565 -888315408
2 1897 1954
2 78 1089
1 982 -593163056
2 1683 1741
1 703 -431057135
1 1627 897367163
1 1887 -212509676
2 1052 696
2 345 37
2 463 1333
2 1937 1535
1 1992 -770152689
1 1817 92710405
2 1651 1693
2 650 1963
2 1649 1257
2 1529 1132
2 25 1660
1 391 -611835073
2 1382 1232
2 1315 1992
2 166 119
2 1791 429
1 1961 387854773
1 1690 583202225
2 1361 195
2 906 109
2 1065 1028
2 1734 356
2 242 1911
2 1486 1569
1 1709 166890206
2 1919 1666
2 1397 1754
2 1484 1967
2 873 881
1 927 -557991913
1 410 -879059863
1 473 68126372
2 713 1775
2 345 577
2 1794 1486
2 1439 1848
2 764 1817
2 1776 1723
2 130 152
2 1893 865
2 570 192
1 455 -379743658
1 695 -995816758
1 1237 -654884790
2 1181 1400
2 1482 1654
1 1137 -622560068
2 1990 948
2 1746 905
2 1582 515
2 1100 1967
1 1657 645603252
2 911 110
2 60 1667
1 330 -647388826
1 621 460695717
1 1254 -417249435
2 1294 486
2 1191 275
1 253 -658340971
1 1402 -545965907
1 78 -77676892
2 325 910
2 1758 732
2 778 1090
2 852 37
2 628 687
1 1972 -263439866
2 1262 655
1 1824 886080877
1 1932 -349487525
1 841 -504673537
1 1980 76420102
2 1308 145
1 1132 -207975565
2 1453 1521
1 1190 -596035456
1 511 855650225
2 956 1377
2 1767 360
1 144 -124325012
1 1356 -755436794
1 1875 -242469774
1 1874 603953651
2 1602 527
2 821 1003
2 1612 1322
2 1910 1531
2 1669 1318
1 268 380318071
2 324 1061
2 540 811
2 966 281
2 821 1986
2 1256 1051
2 510 541
2 827 1269
1 97 -120103218
2 1286 1828
2 543 255
2 1124 287
2 770 1169
1 1581 134850337
1 829 36076799
2 12 1424
1 811 503645071
1 1548 -346346901
2 766 846
2 1656 472
2 1628 1527
2 1705 696
2 217 1096
1 1502 483819885
1 22 745631563
1 1448 731480276
1 1223 544579708
2 284 340
2 1196 1212
1 193 285127285
1 623 -111256359
2 1176 1129
1 1564 282905168
2 1517 1798
1 1128 864975959
1 184 -457286121
1 1401 -965067610
2 506 147
1 1855 -196749077
2 1974 198
1 188 -95964161
2 1831 1441
1 191 725452532
2 1907 495
2 574 662
2 1864 519
2 945 1668
2 1992 946
1 1901 404086558
2 610 26
1 948 -908389783
1 1178 -858156859
2 1088 987
2 860 982
2 1511 113
1 104 -953221253
2 731 1931
1 81 444364714
1 1362 747541765
1 1797 284798664
2 736 629
2 390 1021
1 957 514914732
2 1459 235
2 242 1681
1 867 -860756519
2 1961 1527
2 1326 1534
2 1572 1304
1 187 255672142
1 1780 983420113
2 919 1807
2 1254 576
2 1323 791
2 1394 733
1 1772 571194605
2 1595 1404
1 945 637306800
2 1329 1642
1 1328 722480025
1 979 305804933
2 545 1119
1 237 749166185
2 1930 1129
1 502 252552710
1 168 -770067851
2 393 957
2 859 526
2 1239 992
2 285 848
1 1679 314810090
1 829 -787630891
2 876 923
2 1451 1821
1 668 421734171
1 1899 -315977006
2 722 637
1 1406 -336827024
2 1302 1786
2 1003 230
2 392 911
1 1101 -771990702
2 1764 1672
1 1395 356613184
2 486 1082
2 1832 1362
1 1960 755000602
2 1305 1039
1 460 731023936
2 1274 1172
2 1374 435
2 1844 696
1 845 -361095323
1 1208 736762124
1 589 761270728
2 893 1397
1 1652 -273270015
1 1711 491197545
1 918 -780804309
2 166 764
1 269 -773559576
2 724 47
2 727 1130
2 976 552
2 1333 483
2 678 869
2 818 525
1 692 956412641
1 273 990073852
1 382 721520735
1 847 -241561451
1 671 750070040
1 173 249284430
1 585 -682638339
2 684 1818
1 1329 -644354195
2 169 657
1 33 -857007081
1 414 600378936
2 1419 1964
1 911 286557287
2 1262 374
1 556 729777173
2 1694 1379
2 1655 933
2 1448 503
2 1930 1740
2 1602 569
2 1753 937
1 862 773365035
2 1715 1757
2 446 818
2 534 1454
1 1941 992143258
2 497 550
1 68 -577046816
2 370 1830
1 1490 -561264956
2 353 1639
2 243 1803
1 390 -132173226
2 1167 995
2 582 1395
2 1671 343
1 1577 167966817
2 1259 357
1 95 746588923
2 674 90
2 649 157
2 1761 442
1 704 529976284
2 610 1905
2 1062 1274
2 188 349
2 204 1414
2 272 294
1 1817 976794587
1 1756 55707820
1 1644 271389255
1 78 84707024
2 1089 1541
1 999 -654171836
2 1563 1960
1 684 -619375208
2 1898 1608
2 888 1084
1 21 456596105
1 640 -573172485
1 1221 -386756954
1 949 220634613
2 824 653
2 298 394
1 956 701839975
1 1957 973929768
2 871 162
2 1302 1875
2 940 609
1 1384 -394378124
2 1343 772
2 424 99
2 1533 1228
2 1293 1461
2 243 649
2 1376 1881
2 1460 845
1 1776 -818074395
1 1386 698925491
1 1318 -862622169
1 935 -918009439
2 121 1246
2 234 1290
1 1740 745754290
1 866 -66336456
2 1380 858
1 1011 -790288929
2 231 579
2 676 1304
2 601 9
1 14 -419901636
2 1845 1340
1 29 -840538870
2 1613 1550
1 1704 -898651309
2 1782 1678
1 623 -722036454
2 1155 657
2 1411 472
1 323 -812822610
1 1208 -389717791
2 68 1573
2 1079 272
2 1616 1738
1 422 138648995
2 1618 1057
1 502 691813002
2 1898 1893
1 168 131258630
2 801 1645
2 1792 1495
1 1552 -308997642
1 402 -3927240
2 1951 1068
2 1811 1957
2 1430 1802
1 87 45546050
1 408 720863649
2 99 1798
2 388 1550
1 830 -454557457
1 394 178205143
1 1200 -678316596
2 1723 1697
2 732 44
1 1370 857466503
1 82 -831834316
2 1295 1427
2 1347 678
2 1757 86
1 1254 -219578109
2 675 730
1 330 -683091809
1 828 508045788
2 1198 407
2 739 552
1 1301 -713125421
1 1774 845855223
2 495 1233
2 75 1861
2 1610 545
1 962 -2766592
1 1482 983853954
2 869 430
1 151 235479074
2 958 507
2 1782 1697
2 1510 712
2 1377 1705
1 114 -216840693
2 524 1895
2 24 1012
1 521 819605118
2 343 1148
1 1719 -301758100
1 44 625491505
2 1466 1499
1 518 191676250
2 1973 1754
1 1432 -598366316
1 203 391301014
2 1270 650
2 529 1177
2 1705 1941
2 1681 1738
2 132 1079
1 1053 900878237
2 999 944
1 843 755410829
2 1246 1730
2 870 802
1 378 378482657
2 876 459
1 1155 100197852
1 1750 -598913148
1 641 -214777750
2 642 1733
1 1834 -325920501
2 1017 705
1 1627 -691817436
2 55 348
1 558 -501786957
1 1747 338896779
2 79 1658
2 1058 1619
2 370 1509
1 55 282602454
1 565 -177391385
2 714 1353
1 1560 756337909
2 480 1138
2 1626 72
2 1437 1683
1 1529 451995465
1 1102 80251011
1 173 -430239922
1 1407 977734821
2 866 892
2 1924 1780
1 19 -595205347
2 1246 1512
2 584 570
2 1963 1114
1 805 531069657
2 1574 1410
2 358 799
1 267 285197467
2 1951 1051
1 1471 661859312
2 746 1436
2 1350 917
1 48 730938317
1 384 850600666
2 1915 1513
1 1819 665954580
1 154 -490534229
1 43 245599304
2 935 659
1 1654 105298234
1 586 203797449
2 719 1103
2 37 643
2 1018 1944
2 430 479
2 486 1384
1 470 -538999911
2 1991 780
1 665 992632835
1 453 -926233085
2 719 1048
1 719 261902482
1 625 -934352522
1 985 -79379101
2 38 1375
2 1003 1925
1 1712 767098276
2 516 1869
1 1526 -363862776
1 1235 -696935741
2 1375 1571
1 792 -535847888
2 158 302
1 89 -110795680
2 390 1741
2 357 1877
2 398 456
2 1511 1812
1 1200 -416722844
1 788 833398178
2 1841 722
2 1860 127
1 1316 789992161
1 891 660540367
2 1815 1369
1 1855 583485499
1 449 132581362
1 1926 -640475102
2 1180 768
2 1493 270
2 31 852
2 1098 385
2 693 186
2 423 1434
2 484 1640
1 1773 47887053
1 34 739535410
1 1569 19090828
1 189 731953860
1 587 73549934
2 1211 433
1 599 103599338
1 1392 -108696078
2 227 979
2 711 1993
2 644 380
1 1897 754292314
1 922 -593130578
1 1661 953943419
1 1058 624299325
2 1170 1843
1 77 -420767621
2 1478 66
2 375 488
2 135 1576
1 1039 -499783374
2 256 457
1 1359 704180168
2 152 870
2 111 525
1 1984 -372671560
1 897 -187530384
2 1601 1987
1 454 363497656
2 1569 1031
2 249 309
1 453 -655201387
1 739 -439016991
1 1999 -890896297
1 406 -552323056
2 921 527
1 1000 663850144
1 1315 33692304
1 665 748808042
2 513 852
2 1148 1241
2 1041 1394
1 606 -125835411
1 631 -186078881
1 622 814387469
1 474 -881206872
2 1805 452
2 302 1461
2 130 192
1 829 415710489
2 1814 984
2 1862 277
2 1892 1425
2 1349 1959
2 913 1365
2 171 851
1 711 -277422059
2 895 1088
2 1891 1132
2 1277 386
2 78 496
1 651 885178217
1 1792 760707136
1 1427 -960826973
1 493 -569038682
2 1487 235
1 828 -31513874
2 861 1669
2 220 1788
2 1270 1143
2 1610 27
2 1891 251
1 1284 -758395235
1 1065 313329349
1 1445 -132777196
2 1456 1429
1 1563 -983921428
2 588 1473
1 385 973443960
1 1533 145709863
2 796 1888
2 784 22
1 470 995520552
1 1238 -353395246
2 1449 1058
1 1301 -445336493
2 1418 771
2 1425 790
1 1427 958628341
2 1081 541
2 1758 1017
1 1906 -355640246
1 704 298594492
2 230 432
1 388 351103850
1 617 -999393684
2 1359 1966
1 427 176797570
2 1500 1232
1 773 -535815345
2 76 130
2 962 1679
2 673 1504
1 106 930184005
2 1315 673
1 797 678264133
1 782 -217044876
1 149 32716144
1 808 -723279686
2 1730 766
1 1373 -785891610
2 1333 1109
2 259 116
2 468 1268
1 1068 -393951554
1 1507 209129569
2 672 1232
1 701 -719321372
1 1298 696355450
2 553 206
2 1732 1721
2 1197 1413
1 795 332959644
2 1108 1579
2 228 1345
2 1893 426
1 964 -665496878
1 430 -369321126
2 1147 1307
2 832 1886
1 1047 635875091
1 1569 739001276
2 1956 1643
1 1303 411330729
1 1316 747451996
1 496 7909932
2 909 160
1 1424 146850380
2 1983 93
1 845 530616311
1 1976 148415059
2 1347 692
2 166 1127
2 5 1262
1 995 -343411706
1 217 -531733764
2 267 388
1 1026 465234877
1 1679 -337287200
1 104 -269866089
1 233 -178589343
2 1896 498
2 972 1180
1 908 -469417051
2 342 1235
1 1051 840856862
2 874 1905
2 721 1794
2 1946 207
2 383 955
2 99 1842
2 1973 652
1 1727 -796733330
1 1574 468378684
2 1031 178
2 910 1510
1 1523 535647153
2 1899 22
1 1311 710105439
1 1260 717456584
1 327 -882685171
2 1332 1462
2 371 65
1 1036 -330976549
2 144 1174
1 291 -250005864
2 1504 1680
1 1957 -609245744
1 562 395874005
1 398 -125413972
2 759 1140
1 989 -392540005
1 524 353504320
2 952 673
2 1577 1601
1 1626 216885699
2 697 1274
2 1677 991
1 933 -197093634
2 452 934
2 128 500
1 1268 153717465
2 616 1752
2 708 1682
1 32 -601985263
2 1270 792
2 933 1919
1 1344 -836623054
2 1835 1881
1 1297 259261950
2 1062 631
2 517 1287
2 1194 1641
1 1481 803073282
1 655 -909398940
2 1868 1537
2 394 1989
2 483 443
1 219 412289168
2 432 1014
1 1649 845312979
2 1723 1189
2 647 723
1 1163 47637450
1 172 4936345
1 299 517568654
2 681 1486
1 199 -974628926
2 655 831
2 887 1845
2 152 39
1 1552 -851696092
1 1022 492022494
2 1205 1884
2 399 1972
1 1982 657611092
2 1958 692
2 847 1307
2 1283 412
1 158 -189995278
2 15 726
1 1571 -889900735
2 855 440
1 715 990414497
2 229 757
2 1645 1913
2 1185 376
2 671 867
1 1323 -338574901
1 1443 868758706
2 1763 64
2 1440 139
2 1749 1110
1 196 -973940852
1 261 -694317752
1 1953 843370646
1 366 -94895611
1 1443 -859854319
1 1654 901972184
1 1399 -702363908
2 533 1255
1 539 430795406
1 1316 105974644
1 1606 -828272688
1 1404 775916142
1 1086 -220744534
2 1693 66
1 1411 -236682660
2 761 957
2 524 1363
2 1552 184
1 1180 549365058
1 870 32140021
1 681 -94856954
2 1496 852
1 1147 -991625587
1 212 334534572
2 1041 347
1 1918 -745929162
2 661 1092
2 98 1205
1 1303 208985379
2 1705 1328
2 133 638
2 1311 150
2 1812 164
1 1314 342685449
2 1400 1775
2 393 725
1 1656 -386968403
1 1956 705508744
2 1641 1534
1 557 93716117
2 832 711
1 536 111042534
2 317 1512
1 1015 -411525626
1 1365 -630305583
2 817 607
2 1521 1117
1 1176 542397703
2 1779 1193
1 1821 748478640
1 299 778560140
2 1253 1646
1 390 645784299
2 887 129
2 188 935
1 1236 -573244022
1 1463 58254168
2 1343 990
2 1819 1970
2 1334 1189
1 147 -441323004
1 354 -489892827
1 742 414274882
2 1567 1898
1 665 -393271690
2 176 1689
1 843 -97400394
1 335 13043174
2 114 1254
1 780 -773807858
2 1421 494
2 1099 98
1 470 349104203
2 1644 587
1 88 -838384038
1 1265 944887369
1 1509 -902977172
1 727 726959418
1 530 521473944
1 46 -311327294
1 1821 232470126
2 1029 1328
2 395 999
2 1744 641
2 1795 801
2 333 997
2 901 1581
1 567 334452666
1 506 -569883807
1 1483 -471790386
2 780 1980
1 1540 -783911964
1 861 -278912321
2 1777 512
2 1446 917
2 652 146
2 1969 200
1 146 -228451725
2 1285 1442
2 1696 1362
2 865 1459
1 527 591696116
1 352 -843284338
2 911 1510
2 457 1561
1 194 -35566717
2 162 629
1 1262 -517264348
2 1010 1997
1 119 -285558437
2 1114 1980
1 650 -724613159
1 151 260421822
1 1001 727229348
2 1184 739
2 1304 1073
2 474 1852
2 1050 1280
1 762 341317712
2 1755 305
2 17 1755
1 1476 -282091899
1 1927 -199585061
1 1976 460934617
2 66 371
2 1069 1207
2 1309 383
2 417 1128
1 1702 -672623298
1 966 863567988
2 1448 373
1 1933 206234200
1 191 -268112721
1 832 -505506198
1 1678 602684182
2 903 1541
1 200 -848340187
1 457 654117389
2 1257 779
1 270 -974231245
1 347 236360591
2 876 1784
1 1271 -944561532
2 1728 1961
1 1730 590186737
2 796 54
1 1231 -869503122
1 1890 -440194016
1 1764 133651749
2 719 1492
2 548 1870
1 358 -919677762
2 1940 1576
1 1101 924057334
1 183 101867007
2 1492 565
1 1732 -788437981
2 1883 51
2 1609 393
2 193 1629
1 109 53864099
1 1970 -185453984
1 1015 -804169712
2 1283 1095
1 991 -110989934
2 118 880
2 560 1034
1 862 -440779957
2 1861 1498
2 1181 679
2 144 827
1 25 -249138657
2 1369 486
2 937 1082
1 989 162202369
2 11 820
2 1517 1508
1 1579 774418345
2 319 1925
2 1419 135
1 812 351958249
1 1625 724561445
2 1165 750
1 1575 -913123730
2 1081 1004
1 1907 -344647299
1 984 -479884027
2 371 1123
1 1649 860657241
2 1318 770
2 1080 1775
1 1945 700855711
2 1460 881
2 1873 767
2 806 1498
2 38 1171
2 1705 1042
2 561 1266
2 1471 667
2 1878 1476
2 1565 1646
2 1041 1674
1 1906 -590024455
2 1603 1236
1 1126 -360582977
2 1964 1939
2 1962 39
1 1996 -187833774
2 571 951
2 1204 1924
1 1974 -234844412
1 1714 922633316
1 104 -542907035
1 1264 815509253
2 1367 743
1 1822 627697057
1 1033 625927278
1 1065 851661151
1 1577 -781578533
1 1957 368715086
2 289 71
1 1944 423827156
1 365 -292290802
1 1819 -965798886
2 1906 824
1 559 253424519
2 359 63
2 553 1331
1 1799 -427460426
1 554 -826216572
1 1481 -411129878
2 749 479
1 1155 485088428
1 592 214169576
1 1920 759186322
1 1682 -912754177
1 274 60908653
1 10 -741418564
2 1179 293
1 964 -632364982
2 1151 846
2 240 1454
1 1468 691904759
1 561 196617346
2 21 1951
2 1223 853
1 1171 -58350053
2 1523 1650
1 1409 -766645308
1 1140 122862209
1 857 707508605
1 1159 508540354
2 1982 1456
1 261 628400464
1 1027 -323559655
1 389 -335610114
1 360 924406839
2 377 612
2 149 921
2 1648 568
1 1681 -594491063
1 1200 201034453
1 686 66285780
2 1790 816
2 1913 1404
1 588 365722241
1 613 -380628304
2 336 678
1 1268 -731737016
2 1560 99
2 221 237
1 125 -226745229
2 346 1174
2 212 1734
2 1430 1319
2 196 1690
1 1193 150643589
1 1366 -537596588
1 873 958605522
1 34 -354698435
2 1844 616
2 631 234
1 1681 -581558364
2 1816 1956
2 1059 1237
2 83 1692
1 987 813378175
2 599 1641
1 1318 -414301322
1 736 978352035
1 227 -894596945
1 990 962160991
1 278 366771031
1 139 -275175522
2 834 1127
2 600 828
2 96 1250
2 5 333
1 1644 469101830
2 1444 610
2 1810 798
2 882 1631
1 761 318254566
1 976 -270948699
2 213 1227
2 548 150
2 377 1786
1 1546 344674755
1 48 117454459
2 926 301
1 38 -459076392
1 1269 110270770
1 837 -794295670
1 1120 -602104720
2 1419 1241
2 1375 770
1 542 186921257
1 333 -907220241
2 593 1102
1 1564 -120319298
2 827 650
1 597 -680401591
1 974 946979885
1 816 -184466963
2 1553 1481
2 1681 716
2 1831 634
1 1261 -426210086
1 384 164353399
1 1203 18793036
1 532 952731832
1 1076 -462733047
2 1777 1765
1 679 227572645
2 1488 416
2 1847 1322
2 1519 117
1 420 -539956890
1 942 -516654078
2 574 1211
1 1711 -396858726
2 307 1923
1 588 -663026214
2 1730 455
2 1789 1808
1 331 786131455
2 131 1554
2 877 1713
2 1039 1948
1 1988 -456248255
1 1540 121582123
2 1266 306
2 687 580
2 679 244
2 1587 1083
2 1117 469
2 109 1472
2 1606 901
1 1887 493786882
1 812 -289583576
2 14 1577
1 1006 -644420989
1 507 501196861
1 185 -467331479
2 1492 1736
2 1107 1833
1 933 -32607282
2 469 1313
2 1079 1205
1 601 -375884774
1 1392 587157620
2 515 105
2 960 924
1 86 -313071846
2 275 1541
1 910 -481859404
2 1245 707
2 1140 1717
1 715 -938137093
1 341 413296063
2 991 658
1 1713 -306606465
2 215 273
2 28 944
2 422 620
2 585 1324
2 811 143
1 1869 412981793
1 1818 -355177278
2 1156 1621
1 959 28251153
2 239 1726
2 1358 723
2 1458 592
2 1871 1631
1 1758 -810428824
1 1945 -70283628
2 1303 1379
1 1954 403480233
1 839 -358949607
1 1488 -992060596
1 1936 -545453652
2 1059 1130
1 99 -215346727
1 1542 -549757276
1 1514 896492029
2 26 98
1 1674 -772558678
2 382 1010
2 1197 450
2 604 493
2 1754 634
2 1626 1623
1 1571 -571430828
1 1014 -656196714
2 228 587
1 762 -658178459
2 137 5
1 1791 -111415506
1 681 -207919272
1 1605 -178705088
2 28 539
1 1975 -426295320
1 933 -343672869
2 296 1199
2 43 213
2 320 699
1 211 -923510398
1 384 766717351
1 1798 -337031815
1 657 28186882
1 1628 -769490287
1 1024 323271739
1 1160 -885524257
1 1007 -375041108
1 231 191176207
2 259 253
1 416 139835420
2 388 456
1 1200 808567941
1 490 -163735463
2 451 1648
1 1742 462771128
1 1376 -808404175
2 556 1718
2 1021 878
2 868 568
1 1394 659142299
1 629 283091885
2 1347 552
1 1519 832603759
2 1591 1195
2 523 1203
2 1469 1309
1 1535 -914729942
1 1569 891519797
2 1702 726
1 675 8634432
1 529 963951754
1 1717 -195197289
1 124 623692
1 33 -321523457
2 1038 327
1 849 -99004920
2 1669 934
2 1792 739
2 97 467
2 1366 492
1 1582 -426555687
2 1673 1561
2 1348 989
1 1893 -640738691
2 1131 584
1 67 -672860898
1 456 704656932
2 428 1984
1 1812 -694133776
1 253 28143443
1 1072 490946372
2 604 598
1 158 588407104
1 1890 616976563
1 1947 -836259155
1 721 918463246
1 1476 537682361
1 358 -110313609
1 1793 -369796323
2 1777 164
1 282 830815273
1 1297 -329448026
2 939 1251
1 1605 -281943735
2 1409 434
2 1026 323
1 854 -76261690
2 1264 51
2 1158 413
2 512 887
2 1034 1575
1 316 -35248487
2 248 1140
2 625 1473
2 1852 1167
2 1797 403
1 1880 15027850
2 845 1386
2 933 1139
2 1869 252
2 447 918
1 491 13283889
2 1007 112
2 1331 631
2 1958 412
2 1844 1025
2 825 535
2 751 1476
1 290 -570709171
1 421 717798034
1 1855 935819857
2 707 798
2 1169 1399
1 431 -52552321
2 1417 1808
1 402 354629188
1 1702 -551873374
2 839 759
1 266 -975423697
2 1133 1791
2 328 1205
1 502 396776664
1 657 783314702
2 1059 133
2 128 1939
1 820 432657346
2 1965 662
2 1763 1482
1 187 345672200
1 1035 116339373
1 176 118295571
2 886 1131
2 3 1477
1 356 915413583
2 99 1561
2 1018 332
1 1739 -721365077
2 1996 182
1 1549 460656724
2 1514 977
1 1039 128416298
1 666 700116671
1 175 370824845
1 1879 -726897395
2 932 1242
2 469 356
1 204 498643230
1 243 -756503266
1 732 -949829608
1 484 340454786
1 537 -277316813
1 1163 440470386
1 458 -721938870
2 914 810
1 212 988308341
1 557 138387823
2 724 1910
2 1409 122
2 188 437
1 1222 497744146
2 1624 683
2 320 1578
1 588 -67927802
1 1097 -403110819
1 968 900303631
1 1054 245407687
2 1619 539
1 359 224920818
2 924 1111
1 1080 483785477
2 806 762
1 443 630225146
1 1950 -665481157
2 454 600
2 1619 560
1 637 604771329
2 1008 408
2 509 1253
1 1072 889973664
2 448 274
1 1634 471055397
2 1667 520
1 1070 -993420583
1 915 29107055
2 1133 858
2 629 161
2 1206 1763
2 553 1867
1 1877 -765029764
2 1974 818
1 1803 -495557060
1 744 962328586
1 442 -186110580
1 313 106538660
2 1410 1418
1 1431 698054107
1 1177 881181987
2 1485 1139
2 593 107
1 1720 284098803
2 1007 1426
1 1333 839979659
2 467 1013
1 1055 430213830
1 1782 -773225443
1 5 -209974123
2 1003 1572
2 277 166
1 855 587543815
2 157 1926
2 1201 1611
2 1819 376
2 1151 1388
1 530 -48535289
2 538 535
2 713 201
2 482 742
1 895 -408575612
1 124 -857886338
2 584 1622
1 1894 573804105
1 22 -844348405
1 25 -330253499
2 773 205
2 1410 335
1 702 -205620184
1 902 160718059
1 1047 -366480028
2 1736 1678
2 1896 699
2 129 758
1 786 -209825275
1 786 767470650
2 725 1457
2 1900 1397
1 1138 761021446
1 723 -435732740
2 478 481
2 665 143
1 1432 -172820286
2 1584 1546
1 605 618833126
2 1711 819
1 669 139771301
2 1861 634
1 955 385164162
2 1276 276
1 361 -586339195
1 1389 632356405
2 1118 1697
1 846 -839330879
2 1762 941
2 1553 847
1 1269 814459237
2 913 453
2 1788 1884
2 1757 472
1 1382 -994697374
1 379 624724631
2 482 852
1 1550 930688820
1 866 946487938
2 1765 491
1 962 -91313564
1 768 538533477
2 1964 598
1 1756 318232499
2 386 1411
1 379 62241832
2 1662 410
2 1010 1767
1 2000 801447029
2 1774 1552
2 1509 348
2 159 455
2 1247 1209
2 1356 179
1 535 -146809259
2 708 1342
2 1725 1632
2 1341 1619
2 742 677
1 1993 980395019
2 1161 239
1 1950 578685901
2 1054 1543
2 1382 1724
2 1201 912
2 781 1799
2 1011 671
1 1652 337773399
2 452 474
2 1985 216
1 1923 -661345740
2 680 1914
1 992 560928985
1 646 -410623460
2 1656 257
1 1327 -958040862
2 993 1491
2 396 1242
1 499 -454099075
2 965 256
2 1997 1372
1 1694 222468742
2 290 126
1 1625 -898915630
2 326 511
1 466 629864061
2 1584 1165
1 1976 150248843
1 497 164964757
1 48 -11987090
2 1175 954
1 736 337385126
1 1658 -79031791
2 985 1853
2 1286 40
2 1144 222
2 1730 1192
1 205 -582312005
1 277 621922764
1 1901 729983526
2 857 1915
2 1096 699
1 1737 949398493
1 581 976948215
1 63 129043675
2 1175 166
1 1569 -685088975
1 1938 -570872654
2 1639 95
1 1282 13241284
1 717 -179361056
2 1956 1913
1 1314 281424663
2 345 1210
2 967 1777
2 1506 621
1 258 747448165
2 1579 1713
1 1058 609629310
1 66 -389364600
1 1876 -708283731
2 1419 1543
1 1676 152079388
1 986 459486892
1 134 36979455
2 1460 1164
2 847 1376
2 402 1823
2 1364 1265
1 361 584289240
2 21 1735
2 1379 595
1 125 304230062
1 1989 437875204
1 1088 -413489175
2 803 74
2 1729 1152
2 468 710
1 489 -990732733
2 397 1236
2 1472 752
2 1391 227
1 801 447054732
1 1059 -351952883
2 1320 1491
1 254 -581993205
1 848 -949955686
1 1378 -55469715
1 486 -533846642
1 851 -158738060
1 1167 -919702194
1 870 461945870
1 409 -791963751
1 1297 -843880260
1 1987 -203791748
1 238 314543618
2 1003 1587
1 37 -492621202
2 581 1276
1 893 -64507971
1 139 -444257959
2 1075 430
1 1032 -885327280
1 1473 229804240
2 1926 211
1 1865 984510802
2 1833 1030
1 989 60967508
2 1294 1928
1 796 786993004
1 202 -779992053
1 809 -477963342
2 1426 364
1 859 -349767138
2 1127 203
1 921 605909298
1 1636 -465984983
1 964 -399591705
2 540 1949
1 988 -182746274
2 451 303
1 1273 257043940
2 437 40
1 23 755702802
1 1362 -797736414
1 1595 -347550915
1 861 -714553579
2 628 1954
1 1988 -631972422
2 979 1404
1 1076 -977114141
2 1500 8
1 1087 -71583704
1 1071 -380226456
1 517 91652989
1 1352 -868435671
2 1950 1885
1 1482 -859105274
1 1866 190142852
2 1398 772
1 556 -935295219
1 1144 457581168
1 107 -644376285
2 44 1754
2 993 503
2 475 1533
2 1004 1752
1 1300 982925367
2 108 607
2 859 834
2 302 952
1 1082 253131387
1 57 618812682
1 1708 -548727156
2 1614 821
2 1787 1611
2 425 281
1 215 -537981696
2 1935 809
2 268 353
2 482 145
1 130 -554558094
1 1505 -105606893
2 676 258
1 1291 205005826
1 1490 617979452
2 924 1206
2 1337 1556
2 1650 1971
2 819 1007
1 1599 357378984
2 1208 1745
1 882 -472129646
1 431 696942526
1 512 -7373426
1 811 194710628
1 236 -330585481
2 1281 1571
1 363 23580746
2 746 427
2 1390 1329
2 1416 663
1 1034 855981394
1 1928 176129669
1 1421 -974986720
1 1971 -967527672
2 746 759
1 719 -559180712
1 1144 30023702
1 1065 240703720
1 1753 -679969605
1 1341 687354110
1 548 523498629
2 596 58
2 1904 1695
2 1964 1099
1 756 -899245917
1 192 897312481
2 1965 12
1 1409 853099122
1 1065 -833622077
2 449 882
1 1673 677519770
1 877 -692170226
2 631 1936
2 1590 739
1 738 -91398252
1 457 85749769
1 1919 149904137
2 553 1613
1 301 -302600482
2 796 593
1 1113 565357540
2 113 1366
2 1579 375
2 1005 1040
1 522 225512884
1 1125 304837068
2 1499 374
1 517 118919095
2 728 542
2 592 855
2 956 1687
2 528 1391
2 282 72
2 1998 477
2 1828 518
2 1165 344
2 590 1922
1 717 396828117
1 1445 -660261834
1 630 -914028696
2 374 246
1 599 146686049
1 492 -234617178
2 575 458
1 18 192577700
1 289 654718251
1 1318 -651964396
1 397 447829754
2 798 442
1 1681 -777495242
2 1050 1052
1 7 -954973903
1 1822 -230422570
1 1987 -26714075
1 1948 -10645157
1 1378 583934768
2 1993 271
2 1694 128
1 711 581824148
2 798 136
2 507 832
1 184 -825435075
1 1796 -516682094
1 55 447852863
2 1927 1469
2 58 162
2 1093 62
2 745 418
1 1869 755257889
1 389 993604055
2 1413 1287
